100
14 579
122 483
303 742
236 370
3 109
384 742
65 485
120 121
65 584
65 122
1 104
483 485
651 763
7 109
1 101
1 122
3 4
3 6
122 1000
140 927
7 584
484 584
520 938
853 949
437 956
1 10
403 477
21 485
120 221
1 65
121 122
120 302
21 742
3 104
10 120
4 6
7 65
121 485
100 1000
7 122
149 890
266 441
41 434
74 883
1 6
3 121
1 121
384 484
9 109
588 607
65 742
121 484
121 221
484 742
87 374
1 1
127 491
3 5
3 10
113 852
1 1000
9 221
4 9
65 484
320 340
460 870
1 484
333 899
483 584
193 306
483 484
9 65
3 65
100 357
9 9
309 480
156 864
303 484
351 938
1 221
1 9
4 122
1 2
942 944
1 5
1 4
701 812
1 742
121 302
83 772
281 855
3 484
21 484
8 121
3 122
8 109
495 766
4 104
266 377
121 742
