100
6 2698321
4 11111
5 111111
2 001
6 8000041
6 9000005
4 00801
6 5537666
6 1220021
6 9999999
6 0000031
3 0011
5 507001
6 6005983
0 1
3 3479
6 4000602
6 0003001
6 0000001
6 0012002
4 70031
6 0000001
2 201
2 801
6 0900041
6 2212021
4 60361
6 0000001
2 202
6 2471952
3 0001
6 7454001
6 2464001
6 5000041
6 5543502
6 1121021
6 6790001
6 0020501
2 001
6 2409502
6 3928181
6 3066676
6 0003141
6 1002101
6 0000021
0 1
6 0000001
6 1680001
2 125
6 0111012
6 0000002
6 1001102
2 797
2 121
5 110011
6 0058001
6 3635533
6 1700457
3 4378
6 2069001
1 12
6 4000205
6 2222222
6 0300001
2 008
6 2030701
6 9040101
6 7004001
3 8004
6 1212121
3 2121
5 003001
6 0006001
1 01
4 00001
6 0220122
1 98
0 1
0 1
5 700501
6 0000031
6 2535195
6 0080001
6 0065001
3 7001
1 09
6 2020201
0 1
0 1
6 1111111
5 437221
6 2040007
3 1001
2 111
6 0002001
5 555026
4 00001
6 0000007
1 51
6 2011111
