10000
3 70
5 53
4 12
9 34
4 65
2 19
1 47
3 63
9 85
10 82
5 100
9 66
4 17
10 98
5 77
5 37
7 75
4 69
2 39
10 86
9 31
4 45
7 98
5 74
5 69
10 19
3 86
7 55
5 12
4 62
3 89
4 50
10 79
5 62
4 28
3 67
8 76
4 28
5 91
7 11
6 73
1 73
9 78
9 97
10 97
2 4
10 20
3 62
4 43
7 78
2 54
10 60
3 27
8 2
3 30
8 13
6 50
4 5
6 2
9 61
2 54
8 79
6 59
2 66
1 2
10 95
7 68
6 36
10 58
10 44
5 52
8 32
4 64
2 86
2 50
3 18
10 76
6 45
9 71
9 57
2 4
7 61
10 81
4 100
10 83
6 15
9 68
7 13
2 88
6 10
8 55
2 70
9 21
7 79
8 84
5 42
1 11
4 43
9 54
9 19
9 63
9 37
1 29
5 75
4 37
6 83
5 84
5 92
6 19
1 43
8 80
9 37
4 39
6 19
3 10
1 94
1 52
4 16
7 93
6 21
2 42
10 66
10 98
9 23
1 38
8 91
9 8
4 69
9 63
4 53
4 67
8 26
6 1
6 94
10 67
6 46
6 92
2 100
2 14
2 52
6 67
6 3
1 7
5 40
8 72
3 60
1 17
7 87
9 29
8 83
2 8
6 18
1 97
6 42
10 97
2 45
5 17
3 22
9 76
7 24
6 20
2 56
7 62
6 84
9 70
9 25
10 55
2 52
9 79
4 27
5 4
3 20
6 41
6 88
5 60
2 30
2 51
4 45
7 89
6 66
8 23
7 69
6 78
9 32
4 11
6 92
5 27
10 48
7 8
2 51
10 9
4 77
5 59
3 43
9 68
8 88
6 22
5 64
1 58
4 46
10 33
2 48
1 38
4 29
8 13
5 76
4 45
4 86
2 23
10 95
1 18
1 18
2 51
5 54
10 27
4 45
7 45
2 0
8 84
5 27
9 10
4 96
7 1
5 38
8 40
1 96
4 0
2 35
2 63
3 96
6 46
7 57
7 62
2 74
4 22
5 30
6 92
9 54
8 83
2 59
9 71
1 16
5 51
2 85
10 82
10 3
2 65
10 9
2 4
4 42
8 80
6 10
8 73
2 34
4 4
10 49
4 1
2 73
5 19
5 17
9 86
6 24
1 12
4 87
10 89
8 26
5 41
7 69
5 4
2 30
2 55
2 54
10 14
1 9
5 77
2 44
4 66
8 38
2 10
7 96
6 29
2 37
6 96
3 96
7 42
6 97
3 59
3 51
1 81
5 38
5 15
9 16
3 23
4 79
2 80
8 12
5 100
9 71
1 61
4 17
6 91
2 22
5 44
6 56
5 0
7 22
8 89
10 2
10 14
7 62
4 88
9 94
4 12
4 63
6 90
3 98
6 9
3 52
8 80
4 94
3 37
4 54
1 77
8 12
1 43
8 32
10 24
1 34
2 90
6 59
7 9
5 16
3 14
7 5
2 65
2 5
6 50
3 33
5 49
8 68
4 22
6 11
2 50
4 70
1 44
3 70
7 8
6 4
2 81
8 21
7 14
2 69
8 21
10 65
8 83
1 70
3 29
5 94
6 61
9 35
7 12
3 74
3 16
3 71
5 25
8 22
2 3
7 22
3 35
1 38
1 38
6 24
3 61
5 46
6 67
9 12
3 79
3 64
10 72
2 41
6 71
8 89
7 63
6 87
7 40
2 87
7 65
8 57
1 20
5 58
9 21
5 98
3 17
6 45
10 38
8 22
7 29
3 95
3 0
2 10
4 87
5 33
6 31
8 69
9 69
4 54
1 28
10 10
9 33
2 89
6 22
4 72
8 41
9 57
2 78
10 4
1 26
8 99
10 65
1 42
6 65
8 7
9 71
3 0
5 81
1 79
1 65
7 74
6 80
9 28
9 13
4 61
10 32
4 68
4 62
4 93
6 83
2 15
1 28
8 79
7 53
1 24
8 53
3 7
10 63
10 23
5 68
10 56
4 28
4 23
8 4
7 66
3 71
6 96
4 78
9 38
8 50
5 15
1 98
6 31
10 22
10 26
5 55
10 0
2 4
6 95
8 16
8 31
9 46
10 77
1 81
3 24
10 86
6 20
2 75
10 45
7 53
7 74
8 9
10 4
5 63
3 43
6 83
3 34
6 96
2 19
3 51
6 66
6 53
2 91
9 10
8 3
10 60
7 28
2 40
4 84
1 96
7 95
6 57
2 81
9 25
1 95
8 76
3 63
4 22
1 31
8 28
1 42
5 22
3 56
3 78
6 8
1 52
5 75
3 22
8 41
5 65
7 69
8 62
3 73
5 32
9 95
1 24
2 22
2 31
3 36
9 13
4 76
4 13
7 29
2 59
2 29
9 21
2 74
1 85
7 34
8 75
2 42
10 50
10 93
7 80
3 87
10 92
6 14
9 3
9 29
8 17
2 35
8 75
2 31
5 50
5 56
6 40
4 13
7 47
7 96
6 92
2 88
7 91
1 68
5 62
8 52
2 12
2 97
8 64
10 85
3 98
10 63
2 41
9 100
2 94
10 21
10 69
9 39
2 43
8 55
3 77
2 22
4 46
7 99
9 14
4 63
2 28
7 8
10 49
10 19
4 21
1 67
4 24
7 100
5 73
1 48
5 100
3 49
10 49
9 90
5 63
2 25
4 64
4 42
9 76
7 58
5 51
6 48
8 35
1 70
4 39
9 55
8 88
10 24
9 40
6 13
1 24
4 11
10 87
4 29
2 27
3 79
3 26
7 96
7 16
5 57
6 47
7 26
8 15
3 71
10 65
7 8
8 36
5 10
4 64
4 25
5 5
9 42
4 64
4 0
2 97
1 45
8 42
4 93
7 97
4 63
1 84
1 90
2 5
1 23
7 11
9 21
1 9
1 73
2 52
4 72
2 48
2 60
1 3
10 3
6 61
9 88
7 81
4 28
1 89
9 4
10 53
10 36
2 72
6 87
4 9
1 87
7 31
8 5
10 59
9 26
1 19
6 39
7 16
9 28
4 36
7 33
5 98
2 25
9 71
10 23
8 1
9 84
9 41
4 94
1 75
9 1
1 88
9 76
10 87
3 67
2 49
2 35
1 41
6 49
10 60
2 67
5 30
9 25
1 10
6 64
5 7
4 65
1 45
9 97
3 97
4 41
3 44
5 24
1 78
7 49
5 76
3 31
5 88
2 89
6 81
4 99
10 10
8 89
4 48
8 33
3 2
7 74
6 8
10 27
5 77
1 37
2 92
1 91
2 59
4 8
8 47
4 37
5 84
2 92
3 90
10 45
7 75
5 83
4 91
4 17
8 65
4 28
9 62
2 15
4 79
8 83
5 82
10 19
1 74
6 19
6 30
1 47
5 24
3 69
3 58
3 74
10 7
3 85
10 91
2 57
4 50
4 96
3 47
8 62
3 31
8 76
8 41
9 35
1 79
3 100
6 76
8 60
5 86
7 75
9 15
9 74
4 48
4 99
8 33
2 42
8 13
4 18
3 18
10 58
9 46
10 44
6 21
3 24
7 28
7 6
10 23
3 71
8 9
7 76
10 55
3 71
6 21
5 31
6 79
5 50
1 34
3 9
4 11
1 6
7 30
10 51
9 3
1 47
6 76
9 99
2 74
8 85
7 30
2 0
6 99
3 27
10 79
1 89
4 27
2 43
1 46
2 73
10 39
8 19
5 8
6 8
1 92
4 42
1 16
10 47
6 15
10 43
4 35
7 82
1 60
3 46
2 5
8 7
9 28
7 2
3 30
2 13
8 90
9 85
10 92
10 0
5 58
5 2
1 31
6 89
1 9
2 38
7 59
10 74
10 34
10 14
6 89
6 11
4 63
9 33
6 100
2 36
3 6
6 53
10 81
3 92
9 6
4 55
2 88
7 27
8 84
10 59
2 94
3 32
4 0
10 59
8 61
3 25
3 64
5 45
8 73
7 83
6 27
8 70
1 24
10 82
1 39
9 58
3 42
3 5
2 45
2 35
2 99
4 14
6 89
4 67
6 43
2 34
10 36
1 77
9 10
1 21
8 78
9 99
8 77
9 51
10 9
3 39
6 12
8 12
8 93
10 14
6 37
5 73
3 59
8 90
3 6
4 38
3 11
1 18
10 26
2 26
1 81
9 57
8 17
3 28
6 61
2 7
2 71
10 14
5 42
6 71
7 39
1 95
4 38
8 63
9 13
2 69
7 55
1 1
5 9
3 11
7 86
5 58
4 65
10 73
5 23
4 55
9 92
9 52
7 89
4 52
6 71
10 65
5 15
4 40
5 54
9 36
3 4
1 17
3 22
7 23
9 19
7 42
8 65
4 43
5 23
9 12
9 85
6 73
6 5
4 82
9 21
3 3
1 83
9 91
5 61
2 89
10 90
6 30
1 25
1 44
10 73
9 94
7 22
7 56
10 72
5 86
4 51
10 28
5 70
9 30
6 14
7 88
8 97
1 1
8 34
7 75
2 76
4 78
9 54
10 89
2 97
4 75
2 83
4 97
2 23
3 38
8 91
2 87
9 37
2 52
8 70
1 74
5 22
9 3
1 54
7 16
5 55
4 28
10 100
2 41
4 86
6 25
4 78
10 58
9 54
8 67
6 60
2 36
6 72
8 4
2 80
4 41
6 50
9 10
7 64
5 58
3 55
5 69
4 69
3 45
1 95
5 1
7 29
6 83
10 48
5 24
5 64
2 11
4 69
1 46
2 1
8 46
3 22
9 42
5 4
3 45
7 62
2 68
2 76
2 42
10 93
7 43
1 15
2 85
10 82
3 42
9 70
1 50
2 2
6 35
1 71
3 37
10 42
3 21
9 40
8 77
3 53
4 35
10 25
7 66
8 10
7 30
9 53
1 50
7 88
6 23
5 58
6 32
2 97
5 68
8 68
9 98
4 86
1 80
9 68
3 56
9 74
1 12
4 88
9 12
9 57
1 23
3 33
5 94
6 36
9 93
5 86
8 27
4 93
10 65
4 84
3 49
1 87
5 75
2 15
5 14
8 35
1 20
10 17
5 5
5 26
3 52
6 25
9 64
7 59
8 70
5 92
6 78
5 97
1 67
5 72
2 17
2 52
5 64
4 21
1 89
6 60
9 96
10 78
6 10
9 92
3 97
7 6
6 98
6 22
4 41
2 77
8 62
10 61
1 53
10 5
1 98
1 21
4 54
3 14
3 64
1 51
6 32
5 94
1 5
3 67
9 93
1 9
1 20
3 32
6 28
1 61
5 55
10 64
1 13
10 24
10 89
9 31
9 45
6 89
5 91
2 24
7 0
2 30
7 12
3 67
1 65
2 68
1 83
5 63
3 32
8 49
7 13
1 78
6 97
4 41
7 66
8 93
7 8
3 62
8 4
1 52
4 78
4 46
2 43
9 6
6 15
7 3
2 18
10 15
1 20
8 78
8 67
4 72
6 37
5 6
1 23
9 1
4 100
7 37
9 34
10 23
7 52
1 43
7 27
7 38
9 27
4 96
9 91
5 49
2 64
7 54
5 55
8 7
5 25
5 76
5 50
8 34
7 100
7 58
6 3
7 90
5 2
10 21
7 41
7 63
10 0
5 55
9 49
4 10
2 52
10 54
8 2
3 66
10 39
7 63
4 57
5 76
1 45
6 14
10 42
4 24
8 40
4 92
9 64
6 79
1 64
10 80
7 52
9 19
10 59
6 71
2 62
6 91
9 15
6 27
5 98
4 6
3 74
5 70
3 53
1 40
1 92
1 40
7 9
1 52
8 68
8 34
2 0
10 91
4 29
7 7
7 7
8 51
1 79
8 23
3 7
4 46
3 79
6 34
9 83
5 2
3 34
9 59
5 37
9 7
9 90
7 21
2 83
2 48
10 50
9 68
9 16
5 76
2 92
9 16
1 63
6 58
3 21
7 19
9 74
3 96
6 72
9 9
5 48
6 24
5 98
3 16
10 91
4 32
9 56
5 42
5 85
9 23
2 8
3 42
4 3
5 10
9 27
5 59
5 97
4 8
4 73
3 78
3 98
3 63
8 48
4 49
8 37
8 53
8 76
10 72
1 37
3 79
10 25
6 40
7 70
7 40
1 40
3 32
6 90
3 78
7 21
8 31
2 75
9 88
6 62
10 10
8 60
1 85
7 49
9 74
9 72
8 1
5 23
8 45
3 60
1 48
8 82
2 45
9 14
3 100
10 94
9 96
10 30
3 62
4 59
9 0
5 31
5 22
4 81
3 85
3 42
9 58
7 7
2 80
5 92
5 57
5 76
5 70
6 76
9 65
8 25
7 9
2 87
10 20
8 92
2 31
8 21
10 47
3 65
6 45
10 35
6 58
7 89
1 98
5 90
9 72
8 69
2 55
7 1
6 19
2 63
5 53
5 95
6 48
1 7
2 63
9 93
4 90
3 20
8 14
5 44
4 32
9 27
4 12
10 30
1 6
10 58
10 78
5 45
6 42
9 15
6 79
6 67
10 14
1 17
10 38
1 23
7 76
10 94
5 85
1 70
1 19
1 34
1 37
4 87
9 83
3 35
6 72
5 35
7 43
8 4
9 36
10 77
1 70
3 45
4 99
10 22
10 27
1 34
4 66
1 38
4 57
5 52
8 49
3 85
8 17
2 52
7 13
2 54
2 39
5 81
1 57
4 6
3 83
5 76
3 48
5 0
5 56
3 50
2 24
8 99
7 20
6 56
2 19
3 18
8 91
8 100
8 29
10 22
8 52
8 13
6 16
2 36
9 34
10 90
2 3
9 12
1 21
10 79
1 64
6 29
7 25
6 97
2 31
8 51
3 7
2 24
5 97
10 51
5 59
5 70
10 40
7 94
8 84
4 0
2 72
1 79
3 59
10 59
1 50
10 38
4 79
5 39
2 29
5 43
1 61
5 92
9 4
7 60
2 21
10 12
3 29
5 25
2 29
1 56
6 5
7 58
7 70
2 44
1 60
4 77
2 21
7 78
5 71
3 76
4 50
3 50
9 10
5 54
5 52
7 1
3 59
1 51
10 58
6 29
6 59
10 40
2 24
9 74
5 90
8 51
10 29
8 2
7 60
1 41
1 62
8 26
8 51
8 33
1 20
9 32
9 94
5 58
2 7
1 48
2 53
2 66
4 5
2 86
4 27
4 75
7 14
1 26
4 54
1 53
9 39
10 100
2 48
5 75
1 86
2 84
4 52
7 20
6 69
4 27
1 24
7 8
8 53
3 68
1 74
1 87
2 96
6 37
5 24
3 43
1 94
2 95
4 50
6 1
6 2
7 37
4 60
9 43
1 77
6 19
7 100
9 29
3 16
10 83
3 65
5 34
7 48
9 15
7 11
7 24
2 69
2 21
10 80
1 27
4 90
7 3
7 20
7 77
8 36
1 0
8 21
1 86
7 28
2 7
4 72
8 93
3 86
6 85
9 50
3 6
5 17
1 99
1 20
4 45
9 21
6 70
5 75
7 62
9 0
8 38
2 61
5 27
9 61
1 90
8 46
1 59
10 21
6 40
6 30
4 11
7 74
1 47
5 33
2 80
5 96
4 36
9 43
4 32
7 72
2 94
5 98
1 99
7 57
1 2
2 76
10 5
8 87
7 58
1 40
2 82
3 65
9 18
4 49
5 90
7 54
10 40
2 54
9 69
4 70
5 96
6 42
1 81
3 73
10 81
6 52
4 34
6 12
9 51
1 37
5 24
4 86
7 71
3 66
8 66
4 63
10 43
7 84
3 43
10 89
5 63
7 32
10 46
1 29
4 81
9 49
2 74
4 35
1 39
9 5
4 39
8 30
5 23
10 5
8 14
7 64
6 0
6 24
4 15
5 33
2 69
3 9
6 57
2 0
6 19
2 95
9 92
9 73
2 66
10 63
9 10
4 26
8 89
6 66
9 87
1 70
6 93
4 82
7 57
9 59
10 68
10 19
7 69
1 86
8 17
9 72
6 2
1 65
2 89
2 99
5 80
7 78
4 18
6 95
3 11
8 27
8 75
4 75
6 49
5 75
3 96
6 53
4 28
3 6
3 71
3 80
2 95
10 83
1 77
3 33
7 84
10 8
3 73
4 35
6 91
10 86
3 93
4 27
2 76
6 96
7 63
1 44
7 51
10 30
4 29
7 28
1 11
9 37
6 68
6 11
10 45
2 65
4 5
10 75
1 85
3 18
1 9
7 63
10 93
1 68
7 57
2 69
2 13
5 30
8 35
10 1
10 24
10 93
9 24
8 0
3 32
6 44
1 52
8 75
8 49
2 22
2 5
2 45
7 56
3 16
9 65
5 88
2 84
6 70
7 23
2 5
3 51
1 44
9 82
9 84
6 11
1 42
10 15
2 95
5 89
7 18
3 53
1 96
3 1
8 4
8 37
6 7
7 80
2 67
4 0
1 78
8 9
5 57
9 11
5 81
5 75
1 71
4 59
8 60
5 57
7 83
10 35
3 99
9 64
8 75
3 58
8 6
4 10
10 4
8 15
4 76
4 65
6 54
6 55
7 76
2 16
6 3
7 8
9 98
10 51
7 11
6 67
7 2
2 76
1 20
8 3
8 55
5 5
8 2
9 7
3 43
1 4
3 85
6 19
3 61
5 23
3 28
8 55
2 90
3 79
8 87
5 34
4 36
4 39
9 31
2 93
4 1
4 38
9 54
5 4
5 27
9 57
9 78
7 70
10 23
5 38
4 53
4 43
10 30
9 81
4 40
3 47
7 67
10 58
4 74
3 10
10 0
6 38
2 75
7 71
8 64
8 55
4 34
6 1
1 47
9 28
6 17
5 10
10 18
5 12
2 95
1 28
3 85
5 1
4 66
9 53
2 1
10 88
9 52
6 58
9 69
5 24
2 58
7 70
1 68
9 40
8 85
5 80
3 52
10 53
1 95
3 5
2 80
8 75
9 51
6 26
7 35
6 61
10 88
10 92
3 62
6 21
4 55
5 65
6 20
1 21
2 25
5 59
3 84
1 56
3 96
4 72
2 67
6 63
3 27
1 88
2 33
3 58
3 53
10 97
6 2
7 61
5 55
7 6
1 42
9 43
1 38
5 65
10 97
1 92
4 62
1 12
9 94
6 94
1 2
7 12
9 79
3 42
10 10
2 63
6 30
3 7
3 36
9 40
5 81
8 50
7 42
2 65
4 37
1 37
4 15
10 40
7 85
8 45
6 36
1 81
9 95
6 44
1 65
4 78
10 51
8 28
6 73
10 84
10 7
3 75
5 100
3 43
2 30
3 85
6 9
10 68
5 69
8 49
9 90
9 31
4 42
7 89
5 30
2 79
2 87
2 2
4 9
9 9
2 95
6 43
7 92
10 1
3 79
6 55
9 28
6 14
3 98
4 90
3 73
10 35
5 38
8 77
6 96
4 42
9 13
4 23
2 85
10 23
1 7
2 67
4 51
9 37
1 7
7 80
10 6
6 34
1 39
2 12
9 15
1 34
6 34
8 78
9 24
10 66
6 73
5 22
6 93
2 38
7 63
7 28
9 72
10 19
3 66
8 67
7 1
1 51
7 84
6 20
6 24
1 65
3 86
2 1
4 8
6 81
10 6
2 80
2 68
3 59
2 100
6 91
7 77
1 69
8 82
6 53
1 25
7 80
1 54
7 56
5 69
6 1
5 39
4 46
2 3
1 74
8 61
4 68
5 11
6 8
7 79
6 35
5 94
6 71
4 31
4 23
3 84
3 48
7 90
5 93
7 94
10 100
4 37
10 1
6 35
10 62
6 36
3 22
3 63
1 87
8 24
2 35
5 32
2 14
6 19
10 69
2 26
1 56
6 96
9 54
5 81
6 36
3 18
5 39
6 99
9 73
4 12
2 33
6 64
1 32
10 45
3 26
1 70
5 83
9 97
4 3
9 34
9 38
4 69
10 42
6 54
1 86
6 36
2 10
4 29
4 55
6 27
9 67
6 83
7 81
10 10
7 54
1 59
3 45
7 89
4 87
5 70
7 1
1 48
5 57
7 32
8 52
6 87
2 32
2 82
9 90
9 36
10 37
4 87
1 34
8 73
7 75
8 33
9 9
2 67
1 13
8 64
3 96
7 49
3 55
2 79
1 45
10 30
9 54
10 86
6 75
8 41
3 24
10 53
7 16
7 68
7 22
8 94
7 41
8 78
9 78
10 30
5 31
9 69
1 85
8 10
3 16
1 13
4 82
3 73
3 24
10 59
9 19
6 52
5 70
2 8
4 16
5 27
8 32
1 52
5 13
3 43
7 6
2 19
3 44
8 83
7 77
5 79
3 18
4 22
4 93
6 66
9 54
7 42
1 33
2 43
8 35
8 25
5 25
2 15
5 56
5 67
3 56
9 43
9 87
5 96
5 34
3 30
5 28
3 74
9 21
4 10
5 27
3 34
8 13
5 28
1 18
7 62
10 53
8 10
6 32
3 54
2 89
2 25
1 70
9 84
10 18
9 14
10 35
5 12
3 81
4 26
6 16
10 77
5 12
4 86
6 59
8 51
7 13
3 94
4 86
2 48
10 83
5 3
1 74
10 37
6 87
5 26
5 24
3 65
5 10
2 45
10 43
1 86
2 78
7 56
6 57
7 45
3 97
8 91
10 68
5 78
7 52
6 68
2 35
7 47
8 74
9 32
1 94
3 59
8 10
9 39
6 80
10 25
7 31
8 64
1 5
4 72
5 22
10 52
5 33
7 95
8 43
7 22
2 68
6 63
4 41
3 34
3 75
2 72
2 0
7 62
4 8
10 65
10 91
1 6
2 19
9 73
10 77
2 83
7 62
2 2
10 20
1 7
3 14
7 19
7 86
10 8
2 17
10 87
7 60
4 100
2 82
3 21
6 29
2 4
10 3
3 63
5 17
1 65
8 89
8 50
9 3
6 44
10 10
4 78
6 17
4 86
5 63
5 88
4 24
3 40
1 63
10 64
5 26
9 98
8 15
2 10
5 11
6 97
6 3
5 11
10 88
10 1
2 58
2 99
5 69
9 57
5 13
1 33
1 82
10 6
7 74
7 53
10 78
2 41
5 43
9 29
8 74
7 90
3 37
7 81
7 53
1 18
6 56
5 93
7 7
3 15
2 51
7 63
2 20
5 44
6 6
10 35
6 36
2 69
5 46
1 63
8 38
8 91
3 2
5 4
10 0
1 61
10 50
10 65
7 91
5 79
10 8
4 97
3 43
1 75
2 58
2 40
6 40
6 12
10 29
3 26
10 10
2 68
4 44
4 4
4 49
1 19
7 29
5 95
10 50
8 53
5 80
9 40
2 79
1 38
2 94
1 46
5 24
3 37
4 66
6 70
8 32
8 55
2 30
7 41
1 31
5 61
9 38
4 77
1 15
1 95
8 92
6 4
8 5
7 15
5 84
6 9
5 84
1 88
4 75
7 36
8 68
5 60
1 64
2 39
8 13
6 10
4 77
1 77
3 39
8 92
8 12
4 71
4 50
5 69
5 76
10 80
10 76
1 31
6 32
9 51
3 31
4 49
8 7
9 32
7 28
4 44
6 2
1 12
4 26
1 44
3 37
9 19
8 97
3 33
10 100
6 61
6 2
8 18
3 13
6 18
1 28
4 17
1 4
6 41
4 12
8 8
4 98
6 42
10 22
3 40
2 23
2 78
6 1
7 24
10 44
8 73
3 58
6 34
1 42
8 59
10 15
2 5
2 86
7 34
6 97
1 43
7 15
1 61
3 19
2 76
4 59
5 74
2 4
10 22
8 96
10 44
7 90
8 9
1 43
8 59
10 100
9 14
2 82
7 39
2 8
2 54
7 48
1 9
7 20
2 45
3 47
7 65
6 35
3 54
3 15
5 31
3 23
6 22
1 46
5 59
7 44
3 83
1 90
7 12
8 19
2 0
8 11
2 74
10 28
3 78
9 92
9 44
9 75
10 11
6 3
3 15
2 34
10 49
6 90
6 75
8 65
9 20
1 69
4 46
1 83
10 76
8 42
4 69
2 64
5 82
3 22
5 13
9 3
2 22
9 92
3 55
3 55
8 39
10 89
10 78
4 74
5 91
7 45
2 86
6 83
3 19
2 74
4 26
5 40
9 55
9 97
1 44
8 11
10 48
8 75
7 96
1 88
9 32
5 24
3 3
4 12
4 34
10 72
8 63
6 57
4 59
8 20
1 62
9 26
6 23
3 81
1 79
3 67
5 95
1 66
10 67
2 83
7 19
3 45
9 97
3 63
6 67
2 39
2 2
2 55
1 41
8 29
3 33
6 44
6 34
2 72
3 61
8 57
1 9
10 83
1 40
5 81
6 22
10 36
2 78
9 27
6 88
9 59
5 72
3 95
3 16
6 33
5 50
4 60
7 25
1 88
6 89
8 81
8 99
5 85
2 18
7 80
2 51
9 96
7 85
6 62
4 10
3 61
1 69
6 14
10 80
2 50
8 100
2 2
1 27
3 51
5 84
10 78
6 21
2 87
2 3
5 78
10 94
5 58
2 74
6 59
10 29
3 96
9 46
1 95
2 70
9 17
10 6
8 91
1 30
3 50
9 12
3 50
10 45
1 53
5 87
4 57
7 52
6 9
1 28
8 7
2 87
3 14
8 6
9 51
5 2
4 72
6 66
6 48
4 49
10 95
9 12
10 50
3 86
10 55
5 92
7 69
4 18
9 6
8 6
8 91
7 69
4 90
7 32
5 12
4 27
6 87
6 50
2 61
6 80
4 22
3 48
3 52
6 30
4 1
10 94
6 8
5 43
6 63
10 48
4 41
1 48
8 11
9 0
4 33
3 17
6 23
8 84
9 81
2 80
5 20
6 52
4 98
5 55
2 55
4 51
7 18
4 69
8 56
7 58
5 30
5 40
3 24
2 95
6 92
2 74
5 30
6 86
2 20
8 14
4 13
8 92
8 64
2 15
2 82
7 1
8 11
5 43
6 8
1 62
3 9
10 81
1 47
10 97
5 95
3 44
4 74
9 50
4 68
6 39
2 8
3 71
2 37
4 11
9 88
4 36
8 16
1 26
7 58
4 17
6 14
9 95
3 33
7 61
9 0
10 38
3 61
9 23
10 37
1 48
9 30
6 5
3 24
1 23
4 32
3 66
7 24
5 69
6 0
4 13
4 55
4 30
2 2
2 60
4 90
2 69
9 0
3 45
8 12
3 47
5 83
4 44
5 82
8 85
10 53
8 61
9 34
5 92
3 12
1 88
8 55
1 1
7 73
10 81
4 38
1 0
7 50
6 73
9 59
2 55
5 94
9 45
3 76
10 4
9 74
6 16
4 40
8 68
2 2
4 66
9 30
7 80
4 52
3 97
3 52
2 9
10 99
5 88
10 79
4 23
4 36
9 92
2 71
3 14
4 48
3 70
8 16
8 33
3 98
7 2
9 19
7 86
3 53
5 60
6 61
1 67
2 57
8 38
3 14
1 7
2 10
8 79
8 76
10 21
9 51
2 32
2 58
6 94
9 19
10 12
5 36
7 6
4 24
8 35
7 10
6 50
8 89
10 22
8 24
10 91
9 45
2 3
10 12
9 64
3 29
9 86
7 94
9 19
10 85
4 43
6 2
2 9
7 54
7 32
6 97
8 44
4 25
10 14
5 66
8 57
4 83
5 8
7 17
7 3
1 21
9 31
8 89
6 72
9 66
5 76
1 94
8 24
5 73
3 56
10 86
7 54
2 64
10 38
4 87
8 72
8 19
1 33
4 36
4 10
4 36
10 21
2 100
5 39
2 59
7 100
2 57
2 11
9 70
3 35
4 29
1 41
4 68
5 46
1 98
8 53
8 0
5 32
3 87
8 50
7 13
8 59
2 45
8 16
5 6
7 78
10 89
6 44
2 63
10 77
6 15
7 8
7 63
7 42
7 45
1 76
1 22
2 35
5 6
6 51
5 35
9 76
1 7
3 5
3 31
7 57
6 20
2 49
8 19
10 29
1 17
10 42
4 23
6 45
8 89
2 47
8 12
7 25
10 6
4 45
1 96
7 91
7 58
9 1
7 36
9 39
1 76
9 5
9 97
6 12
3 68
10 3
8 73
7 95
4 51
2 76
1 77
1 32
5 29
7 42
4 90
1 23
4 55
9 68
7 94
6 59
10 38
8 74
2 11
2 5
5 95
7 56
9 4
6 55
5 78
9 47
7 30
5 7
1 89
6 40
5 95
7 44
1 30
3 68
10 83
7 71
2 65
6 36
3 17
3 18
5 95
7 22
7 43
7 22
4 37
8 2
1 80
10 58
8 95
7 85
9 46
2 34
3 58
1 22
1 79
4 41
10 74
4 44
10 45
10 41
6 51
7 65
9 28
3 42
9 75
9 9
6 44
1 91
7 79
2 76
3 37
7 72
5 32
9 67
1 29
2 44
3 12
5 54
3 85
4 65
7 56
2 59
5 89
1 89
4 41
2 78
10 42
6 27
6 0
4 36
9 77
7 84
3 33
3 65
6 41
6 64
7 89
10 8
7 54
4 72
4 36
6 42
5 57
8 13
2 6
6 35
4 30
6 33
6 4
2 97
5 69
9 11
3 82
2 39
1 74
8 57
3 14
6 8
2 74
4 68
3 37
3 97
1 24
10 100
3 30
6 100
10 91
3 100
10 80
9 83
4 23
1 39
9 49
2 66
5 24
9 19
7 69
1 59
9 60
6 51
10 78
2 48
1 96
3 44
8 81
6 97
10 24
10 25
6 65
6 21
9 4
2 34
1 94
9 66
6 84
6 50
8 35
10 7
1 72
7 47
8 4
9 2
2 93
3 25
3 39
2 25
9 0
7 8
1 16
4 17
3 19
4 48
1 38
10 32
4 43
9 45
3 3
9 89
7 47
2 18
1 100
1 17
4 72
10 17
6 42
7 99
7 96
1 92
3 86
9 3
3 22
1 23
9 80
4 67
1 3
10 98
2 53
1 68
8 1
2 3
10 62
1 69
3 31
3 40
9 44
10 54
5 96
6 96
9 22
7 7
9 60
7 33
2 48
1 56
4 69
8 49
7 11
5 11
2 29
9 92
3 84
1 44
7 9
9 94
1 50
8 25
2 28
8 72
8 89
4 28
2 38
7 80
3 44
5 77
6 71
3 70
6 28
6 55
7 83
5 9
3 44
9 12
5 33
1 54
1 35
10 29
4 25
4 40
6 38
8 54
6 81
10 34
8 65
5 48
3 97
6 86
5 35
3 97
5 45
10 69
8 95
1 44
7 34
1 37
10 96
1 8
5 30
4 26
6 82
4 80
9 11
6 50
3 6
7 63
3 92
5 94
3 56
9 69
6 44
10 79
3 3
1 12
4 18
8 76
9 19
4 62
9 54
5 26
1 44
9 60
7 6
1 97
3 28
7 45
8 41
1 52
4 43
3 58
6 4
4 89
10 21
5 82
6 29
10 74
7 42
6 94
9 4
3 33
2 68
5 57
2 10
1 60
9 57
10 22
8 47
5 18
6 52
9 34
5 30
6 52
9 52
8 21
7 79
2 11
7 94
4 15
6 21
4 39
9 89
9 52
8 98
2 80
9 84
9 75
10 74
1 5
1 14
5 9
8 44
5 82
9 24
5 2
5 68
3 65
9 19
1 3
7 82
8 44
1 10
4 32
7 36
1 5
2 92
2 84
2 36
9 9
4 35
2 37
1 25
9 89
7 65
9 63
6 83
10 16
10 85
8 97
5 32
4 74
2 20
3 8
5 87
10 77
4 33
10 88
7 95
3 22
7 11
7 14
6 69
6 46
6 55
6 53
3 42
5 26
4 18
1 70
1 63
8 14
9 80
1 41
4 86
8 15
4 95
1 67
7 84
5 18
9 66
8 10
4 41
10 21
3 28
7 41
9 15
8 84
6 22
7 90
3 42
3 57
4 32
10 1
1 14
5 73
3 90
10 47
4 22
1 13
5 95
5 46
3 39
1 62
7 89
6 73
1 30
2 92
9 71
2 35
8 29
2 55
4 19
6 6
7 19
3 3
6 60
10 61
7 25
8 2
5 51
3 14
9 83
1 75
9 48
8 30
8 68
9 100
3 45
5 23
10 88
10 72
2 23
4 29
4 48
9 1
2 83
6 33
9 26
4 12
1 40
9 35
6 27
1 47
2 76
1 16
8 86
10 81
4 68
2 95
7 89
6 76
2 10
2 14
1 21
7 86
3 29
8 64
4 10
7 44
2 88
7 15
9 25
3 83
10 49
5 61
10 15
9 83
8 88
5 91
4 82
3 58
5 23
4 36
4 52
1 93
4 15
5 83
1 99
8 85
3 92
9 69
8 75
9 47
10 16
1 19
9 29
2 49
6 61
3 27
1 1
5 53
10 25
3 32
4 71
4 51
2 62
3 29
4 34
1 44
2 14
9 9
5 84
4 7
10 76
6 52
6 8
10 42
2 30
9 71
9 12
4 67
9 26
1 22
2 59
3 16
2 70
6 40
9 44
10 63
2 97
5 42
2 30
2 80
4 30
7 95
7 57
4 0
5 99
1 73
7 83
5 30
2 9
6 84
6 94
9 37
8 99
9 77
8 31
4 15
4 35
9 35
8 98
4 53
9 91
6 78
3 33
5 61
4 39
10 98
4 32
8 16
8 56
6 58
6 31
5 69
4 30
8 100
9 96
3 23
1 33
2 84
2 81
9 58
2 20
8 45
9 11
7 95
7 29
8 85
10 38
6 80
7 68
7 1
10 76
5 59
6 28
1 9
6 90
8 34
9 48
4 49
7 60
7 95
9 52
1 90
5 26
4 44
1 58
5 85
2 85
10 89
6 80
8 38
4 59
5 68
5 18
5 5
1 90
2 49
5 80
8 69
4 94
2 3
2 65
4 14
7 10
6 60
1 49
7 23
8 68
6 34
3 29
8 62
10 91
9 55
4 1
7 94
7 24
3 84
1 63
6 71
4 5
2 64
10 24
3 16
10 5
9 89
4 27
6 67
6 44
1 80
7 12
6 33
7 58
7 48
4 34
1 8
5 0
8 68
8 31
9 58
6 73
9 79
2 43
10 54
6 55
7 9
5 80
6 6
4 94
7 63
3 10
6 28
4 68
6 79
1 3
2 56
8 49
8 68
3 60
10 59
2 85
4 12
4 6
9 7
4 40
1 46
7 57
10 49
7 96
2 74
3 54
1 36
3 3
2 90
7 37
1 4
10 52
8 38
10 72
4 43
3 7
8 2
5 7
10 75
10 27
8 10
3 3
3 41
7 9
8 75
3 67
8 96
1 74
2 74
10 65
3 56
7 92
7 99
7 20
2 91
5 59
9 84
8 79
6 49
9 38
1 21
2 0
1 32
2 87
1 68
10 53
2 14
10 69
2 28
4 83
7 98
1 64
7 12
6 49
6 4
8 27
7 64
8 79
6 23
9 43
7 73
4 48
4 6
3 91
1 18
7 70
3 13
2 26
8 29
3 38
3 9
3 51
10 22
4 60
2 35
2 51
1 74
3 11
8 10
4 68
3 79
10 81
1 53
3 8
4 54
8 19
5 64
2 12
6 62
9 52
1 28
8 97
4 93
1 89
5 55
10 62
1 97
2 2
4 76
10 54
10 48
4 83
8 94
9 60
5 53
8 97
1 61
8 10
9 35
3 95
7 75
7 77
2 9
7 37
2 75
7 10
6 69
6 6
7 16
5 81
1 69
5 67
4 45
5 99
7 25
7 43
8 66
6 30
9 37
10 17
8 35
8 86
4 79
2 59
6 55
7 75
1 93
5 6
8 5
4 46
4 37
6 74
10 21
8 39
10 87
9 2
5 70
3 37
9 90
4 0
10 88
8 11
8 6
5 11
8 53
2 83
6 83
7 76
5 22
2 23
6 48
6 46
5 76
7 4
2 39
4 88
2 96
5 3
8 100
2 89
2 22
3 71
8 22
8 17
1 86
5 66
4 74
4 29
3 40
7 28
5 50
10 97
1 33
10 67
5 22
2 20
8 13
3 12
3 64
6 36
8 2
10 64
5 14
8 17
8 77
10 57
1 7
8 88
1 88
5 32
3 24
1 71
3 41
9 66
8 87
10 42
5 46
8 82
6 66
7 74
4 6
3 99
5 86
5 39
3 6
5 25
10 33
7 32
10 30
8 86
9 100
3 85
6 29
9 62
7 1
2 43
4 15
6 99
7 70
10 87
9 77
6 44
7 65
1 28
9 94
1 77
6 47
10 46
3 86
5 23
1 24
10 80
7 54
8 68
3 58
2 71
9 1
1 79
3 94
4 88
1 94
4 23
2 24
1 27
8 34
10 63
9 65
9 21
9 80
8 7
3 57
5 9
7 49
7 55
10 78
5 57
7 78
7 40
3 95
1 55
4 38
6 31
6 44
5 58
1 57
10 78
3 54
3 36
9 81
4 27
4 70
9 41
10 4
9 74
2 88
6 95
3 91
5 86
5 21
3 70
3 7
4 60
1 11
4 81
8 87
1 59
1 47
3 82
6 91
10 30
4 23
7 11
1 57
10 38
1 92
2 96
5 33
8 14
6 39
6 90
1 56
1 64
5 77
5 38
1 38
8 78
6 42
10 78
3 89
8 67
6 15
9 18
5 28
5 2
4 20
9 70
6 75
6 76
6 30
1 73
8 93
3 80
10 88
3 24
5 63
3 93
5 97
4 31
1 72
10 46
3 59
2 39
6 39
8 16
8 99
6 47
1 15
3 84
10 42
7 94
2 54
10 44
7 94
4 98
3 100
9 44
4 18
8 24
4 72
10 34
5 97
6 2
9 26
8 84
1 18
10 72
5 33
9 6
7 35
8 19
7 37
10 93
1 18
2 71
7 50
9 29
4 32
1 74
4 21
8 77
4 89
8 78
8 89
10 15
6 42
6 30
3 12
4 66
9 46
10 9
5 84
7 16
5 3
2 18
3 63
9 26
9 94
6 26
6 98
8 57
9 44
4 79
5 69
10 9
4 74
2 2
7 61
6 70
4 55
1 53
6 59
9 90
3 63
9 95
9 29
5 19
9 86
10 61
7 71
6 77
1 72
5 30
3 8
1 14
4 77
8 62
4 14
3 89
2 22
6 64
6 83
5 91
4 38
6 14
2 54
5 37
6 84
3 42
2 90
9 53
3 72
10 27
3 97
3 87
9 19
3 98
7 2
8 9
1 64
6 8
2 92
1 28
7 21
4 80
9 88
3 56
3 34
3 11
7 74
1 96
9 26
2 86
4 30
4 60
9 78
2 16
9 9
5 68
7 21
10 3
5 61
8 80
8 24
9 75
2 99
2 4
5 48
7 100
6 15
4 1
2 70
7 66
8 16
3 71
7 2
6 64
2 86
2 33
6 45
7 14
5 64
10 11
6 42
5 41
3 39
8 64
3 61
10 32
7 13
7 39
4 69
9 79
8 38
3 4
9 58
8 0
1 13
10 77
10 6
9 80
7 78
2 12
8 66
5 60
4 53
6 73
1 69
8 40
8 44
7 42
9 85
5 29
6 67
4 12
10 75
5 18
3 20
9 51
10 27
4 46
7 38
7 14
10 40
6 75
1 79
9 80
10 81
9 68
5 25
3 3
10 3
2 31
6 82
1 18
2 12
6 59
5 3
9 83
5 96
9 8
6 3
4 46
8 85
2 7
8 54
9 48
2 66
7 16
5 55
6 90
10 30
6 51
4 68
3 10
7 88
3 63
1 14
2 64
2 10
3 74
6 5
10 68
4 45
6 23
9 50
1 15
10 17
1 83
10 74
9 69
7 95
10 97
6 55
4 0
2 13
4 37
9 83
6 11
7 40
9 14
9 97
2 9
8 16
4 7
6 35
1 73
2 85
6 59
10 73
10 10
7 63
6 36
4 7
6 61
8 41
3 41
2 16
6 90
1 27
3 32
9 53
8 20
3 5
5 86
6 66
1 83
5 89
6 75
3 63
5 74
6 18
9 63
5 80
10 65
5 4
10 48
10 84
4 72
1 97
2 10
2 87
8 71
9 73
10 63
4 48
4 30
5 86
4 38
8 73
1 9
4 19
10 31
4 96
5 73
7 86
9 80
1 83
6 28
8 77
10 66
3 34
8 95
2 70
8 50
10 23
7 59
2 56
9 15
4 49
10 94
1 57
2 41
5 62
7 87
8 24
4 21
3 100
8 10
1 43
5 16
2 8
8 21
7 25
9 10
4 50
5 16
1 33
9 6
1 7
1 41
8 80
10 71
7 19
10 98
8 63
9 79
4 82
2 0
8 52
5 63
4 36
9 82
7 66
10 94
1 10
3 55
6 76
3 13
10 13
4 5
1 99
10 19
4 84
4 78
3 16
10 62
5 26
2 33
4 94
10 90
1 33
1 79
3 38
7 83
7 98
1 19
5 81
7 71
10 68
4 34
2 95
4 56
6 20
6 40
4 70
7 64
9 100
9 39
2 37
6 52
10 39
2 9
2 51
8 0
5 80
1 24
5 36
10 56
1 46
4 0
7 76
5 42
8 16
10 38
1 83
6 31
5 83
10 79
5 39
4 94
7 16
8 9
7 33
8 27
4 18
2 60
2 18
9 13
9 23
7 78
1 34
8 17
1 3
6 28
1 1
1 82
7 65
8 87
4 56
1 21
2 62
7 75
6 1
2 79
7 63
6 99
7 55
3 57
2 14
1 61
2 60
5 65
1 13
6 77
1 1
4 17
1 25
9 74
3 11
1 40
8 51
8 20
5 0
10 34
5 46
5 49
9 69
8 36
7 55
2 32
9 5
9 47
3 77
7 99
9 56
7 35
5 16
1 92
5 92
1 35
8 77
6 71
10 8
7 51
5 23
6 1
3 72
4 93
2 63
10 63
9 71
2 86
2 57
3 53
1 32
7 36
8 24
3 27
9 8
7 54
6 24
6 75
10 56
6 29
7 41
10 24
9 4
3 62
1 13
1 55
1 68
8 85
4 64
3 98
7 84
7 31
6 7
2 60
7 66
2 2
7 45
3 41
3 68
4 49
5 4
3 45
3 35
4 62
5 74
3 8
6 14
6 62
3 67
9 79
5 55
3 39
4 46
10 80
3 29
10 13
1 72
9 45
9 60
3 23
7 32
2 83
3 10
4 24
3 73
3 91
1 40
7 6
2 69
8 47
4 47
8 69
4 17
2 89
5 82
8 76
10 27
4 37
3 42
5 6
8 51
7 58
1 1
4 79
3 72
2 62
4 24
10 36
1 81
1 68
8 74
4 77
6 36
1 8
7 26
5 41
6 11
6 6
10 73
5 6
10 42
8 22
6 70
5 40
1 57
6 3
4 45
3 22
8 67
8 88
7 90
8 76
6 97
4 1
7 70
5 47
8 65
10 36
9 78
2 16
9 47
10 74
7 33
8 93
9 19
9 52
6 65
3 56
8 1
3 53
10 78
6 38
4 64
3 6
4 43
9 100
2 23
2 95
4 75
6 70
6 54
9 35
9 10
3 0
4 80
2 8
5 98
3 35
8 57
2 85
5 17
5 47
1 40
6 18
1 18
1 100
8 3
7 76
5 87
3 8
6 12
6 83
3 75
5 15
3 42
3 70
3 36
3 27
4 27
2 96
8 89
2 51
6 61
4 73
6 75
9 95
5 5
6 59
1 84
1 7
6 48
3 82
6 76
4 84
6 7
3 30
10 7
9 66
4 80
10 70
6 95
2 96
8 10
4 39
10 84
3 21
9 60
2 91
7 50
9 92
8 29
7 7
10 32
10 36
3 23
1 56
7 88
10 14
10 70
7 77
3 44
9 98
9 2
8 25
6 78
5 89
3 81
1 41
2 94
8 66
4 36
10 55
3 84
3 68
7 85
2 71
3 60
2 72
3 100
8 33
7 12
9 42
1 19
6 22
6 18
9 65
6 78
2 27
2 20
10 18
4 74
3 65
3 21
1 95
5 91
9 64
1 22
2 81
3 92
6 62
5 2
2 46
8 44
3 77
3 55
1 60
7 67
4 10
5 84
6 18
8 25
4 90
10 55
9 47
6 36
5 11
1 87
2 22
4 1
6 43
3 34
5 81
1 100
3 19
4 56
4 31
10 7
7 60
4 3
6 21
6 46
8 55
5 22
2 67
5 5
5 35
8 99
2 37
5 16
2 4
5 15
3 97
4 25
1 74
3 85
10 36
5 63
1 81
4 9
9 51
4 100
8 30
3 33
1 95
7 36
6 28
7 54
9 83
4 97
9 40
7 80
3 54
3 33
7 27
4 38
2 57
3 100
2 55
3 66
9 87
2 4
3 95
3 3
5 88
1 5
8 79
5 37
4 22
8 100
8 68
6 50
2 29
5 39
6 23
3 96
8 86
4 36
3 49
1 80
2 38
8 75
1 74
8 33
6 32
4 63
7 0
3 71
1 29
6 12
5 76
9 20
2 93
9 86
8 1
4 90
6 65
3 71
9 14
10 76
9 85
7 80
6 80
1 48
1 15
1 31
7 88
4 36
8 46
2 100
3 98
10 48
6 49
1 54
3 19
5 0
1 97
4 64
8 21
9 20
1 69
9 89
5 69
8 61
3 21
9 65
3 66
10 92
1 67
7 94
3 51
9 31
7 98
2 88
8 72
6 51
6 47
4 75
5 53
9 15
9 84
10 48
7 40
2 4
10 47
6 19
5 29
8 19
9 61
1 45
7 43
7 77
5 21
3 61
7 43
10 98
6 50
8 100
10 84
4 45
3 90
5 85
7 43
7 68
4 57
4 22
7 84
2 62
3 4
6 28
6 77
5 100
1 66
2 4
2 21
5 16
6 49
10 67
2 29
7 19
2 100
7 81
10 89
1 93
1 89
1 52
4 22
2 12
2 100
10 41
5 12
6 82
6 82
8 69
8 7
7 7
10 30
6 2
3 77
10 86
4 74
7 86
10 89
9 1
5 59
10 19
5 50
7 93
9 35
1 77
6 45
2 50
8 45
8 99
9 69
2 78
7 73
6 98
1 94
2 50
2 66
1 66
6 47
3 91
7 29
10 65
5 54
8 73
9 69
8 6
6 10
5 33
7 61
5 21
2 70
3 78
4 29
4 26
8 33
6 11
9 3
6 56
4 62
2 74
8 64
4 43
4 5
6 52
1 29
2 57
4 81
5 63
1 37
10 27
3 2
9 36
5 70
9 32
3 99
9 67
4 94
10 2
9 42
9 33
10 91
10 68
2 100
2 92
2 73
3 76
10 36
4 99
9 37
5 93
8 31
3 80
10 53
1 29
6 8
6 34
6 61
2 5
7 56
3 0
4 22
7 27
5 10
2 6
1 47
5 24
8 56
10 98
10 8
7 83
10 32
10 9
9 41
10 31
1 80
3 23
10 3
1 37
3 17
3 22
6 6
2 62
2 22
2 100
10 38
1 9
3 40
1 77
8 67
8 43
1 73
3 9
3 16
1 37
6 52
3 19
2 0
1 97
2 65
8 48
7 72
1 46
5 56
10 99
4 51
8 34
5 74
2 95
3 35
6 37
8 47
1 32
2 98
3 46
1 47
5 71
2 14
8 0
4 90
7 76
1 98
2 11
3 65
9 87
4 55
10 64
7 82
2 2
1 73
10 56
1 34
6 47
4 31
1 80
4 74
1 57
9 27
2 33
6 39
9 91
2 43
1 18
4 45
3 62
5 73
9 46
1 33
6 77
9 67
8 100
9 36
10 16
9 26
6 30
10 41
1 9
6 44
7 64
8 17
4 18
8 10
10 75
1 43
8 22
5 6
1 13
3 21
8 40
4 49
1 1
3 23
8 85
7 41
10 69
2 83
10 22
2 70
8 54
7 43
10 69
7 96
3 90
3 17
6 93
10 22
5 30
9 74
5 100
10 82
8 49
8 77
3 77
4 90
10 78
7 14
6 56
10 58
7 78
9 32
2 32
2 57
4 23
5 76
3 22
3 58
7 71
3 7
7 7
4 46
2 58
9 64
1 87
5 52
9 27
5 15
3 76
10 60
4 16
10 84
3 13
4 11
8 17
6 88
6 86
4 40
2 86
8 89
7 48
2 87
4 30
4 44
1 70
7 96
5 52
2 53
10 72
4 87
9 95
3 33
7 29
7 98
3 30
5 80
8 27
10 64
9 56
9 75
5 40
7 69
3 77
8 61
5 63
9 93
7 79
1 98
9 47
5 31
10 52
6 26
10 72
8 21
4 55
6 34
10 57
7 5
10 53
2 8
2 20
10 17
3 34
9 44
8 37
5 91
1 63
4 79
9 28
6 79
9 40
4 53
5 79
5 39
10 4
2 37
2 17
10 73
10 92
9 34
4 22
1 85
4 31
2 26
8 33
5 54
7 56
4 6
10 5
7 31
2 96
5 37
6 22
6 39
9 39
8 80
2 92
3 51
7 79
1 99
6 52
1 24
2 96
2 51
6 9
10 65
1 55
8 37
4 21
5 77
8 99
9 28
8 60
7 90
4 94
6 24
2 13
8 33
6 59
10 84
5 62
9 6
9 79
3 6
10 93
3 82
4 64
1 41
10 69
8 16
2 66
7 9
10 38
5 54
3 46
10 27
7 89
10 24
5 88
3 79
9 25
8 39
2 23
9 94
5 90
3 90
9 65
9 33
1 55
9 55
10 10
7 1
10 4
1 10
1 34
10 57
1 47
2 17
5 69
3 41
6 43
2 19
4 46
1 0
9 85
6 52
1 95
3 85
7 31
10 37
2 35
10 25
6 83
4 93
6 1
1 78
3 45
8 38
1 23
5 19
3 1
7 27
6 18
6 89
4 79
5 66
7 0
10 76
3 14
1 63
9 29
9 22
5 38
10 52
6 59
9 94
3 100
10 48
9 20
6 73
9 14
8 77
4 14
3 65
9 65
6 59
7 52
6 8
10 88
1 38
1 68
5 65
3 94
4 24
10 47
8 8
4 14
8 90
1 62
4 90
2 82
10 54
1 78
4 84
1 70
4 89
3 72
1 86
6 64
5 31
1 69
5 97
1 32
1 11
3 14
2 50
8 5
6 36
9 73
6 88
2 100
4 85
2 96
2 11
6 32
9 27
4 10
10 17
10 94
8 62
1 47
4 12
7 83
10 72
1 95
7 93
9 95
6 85
8 15
1 58
1 63
7 8
3 56
5 50
2 47
1 68
3 24
2 2
9 40
5 88
2 21
4 63
8 53
2 38
4 74
8 79
4 96
3 35
9 66
2 71
2 55
10 53
1 65
10 69
6 82
1 1
9 71
7 25
5 73
9 87
4 75
1 50
3 57
10 65
7 87
2 0
10 30
8 95
7 24
2 98
10 26
1 72
1 41
1 64
4 77
1 80
7 2
1 23
8 91
2 53
4 81
3 26
1 28
6 84
5 23
4 68
8 47
1 85
6 58
3 66
9 55
2 5
8 98
9 53
8 11
9 79
9 41
2 83
3 51
5 31
10 69
8 64
4 59
3 99
7 9
4 46
2 53
9 64
5 7
4 64
7 50
4 70
4 76
7 16
9 16
3 64
10 39
4 89
10 99
4 57
9 37
9 76
2 36
1 68
9 33
8 81
1 45
6 54
10 100
1 59
6 0
4 87
6 80
2 84
1 30
8 89
5 76
2 24
1 93
7 53
4 1
8 27
6 52
6 52
6 82
6 86
3 3
7 18
4 85
2 79
3 7
2 91
1 3
1 25
10 26
10 2
5 83
7 21
7 16
2 65
6 83
6 13
10 32
8 52
2 79
6 95
7 36
4 45
8 72
5 24
6 9
1 15
5 2
7 37
3 20
1 42
1 8
10 1
1 21
5 67
9 78
5 41
10 97
8 47
5 74
4 55
5 76
9 74
10 84
7 62
3 86
4 93
1 24
10 91
9 62
7 42
10 77
8 5
5 19
1 1
3 9
4 33
9 97
1 90
10 38
2 51
8 28
4 21
2 15
10 74
8 42
7 44
3 17
5 98
10 69
5 57
2 46
10 22
2 18
5 90
10 73
2 71
1 42
3 7
7 97
10 27
2 33
7 2
8 29
10 50
6 8
10 79
10 17
6 60
2 98
4 24
1 38
1 7
3 54
5 34
5 23
3 86
3 4
2 55
10 86
1 64
9 59
1 50
7 86
8 40
9 84
3 25
1 65
3 85
5 34
10 27
6 85
1 0
3 41
10 50
7 10
2 83
10 2
4 94
2 100
9 26
7 24
10 23
9 17
4 42
3 29
7 34
5 82
3 20
7 88
2 25
6 95
2 55
6 15
9 1
2 35
7 62
4 32
3 41
7 76
9 13
2 55
8 26
9 53
9 17
5 72
8 43
2 99
1 27
1 71
3 70
2 66
10 53
7 81
2 67
6 42
1 37
8 57
4 57
1 80
6 87
10 67
10 78
9 19
7 50
8 16
9 51
3 4
8 45
4 91
1 30
8 84
6 7
4 87
7 56
9 55
9 49
8 70
10 85
3 98
1 69
3 61
8 51
7 65
8 67
5 61
3 91
1 78
10 55
6 20
7 94
1 74
6 9
10 89
6 59
2 66
2 31
5 79
4 56
7 7
4 51
6 100
7 0
5 7
8 16
4 19
10 20
10 65
6 54
8 27
1 43
5 93
9 95
5 77
4 12
4 86
1 19
4 54
3 28
6 0
4 29
4 49
10 98
7 82
9 81
4 77
3 14
6 64
9 98
2 20
3 12
8 35
9 77
1 52
8 7
7 15
9 36
3 29
7 17
6 31
3 8
2 99
10 46
9 38
2 72
7 80
1 60
9 59
5 85
6 77
10 26
10 47
5 13
9 85
3 13
2 40
8 98
1 84
8 28
1 73
1 11
3 59
3 74
9 75
6 93
2 88
2 17
6 44
2 100
1 92
6 97
9 5
4 53
1 78
1 70
5 76
1 51
2 64
5 61
7 52
4 10
9 89
4 82
4 7
1 57
5 46
3 0
7 15
9 94
10 60
7 7
6 33
9 16
10 19
2 46
8 9
10 28
3 41
10 100
5 100
4 81
10 52
10 47
1 54
9 37
1 38
6 90
6 9
8 14
1 35
7 50
10 52
2 27
4 92
10 92
3 95
7 11
8 19
2 4
4 1
4 57
6 79
4 90
4 69
3 55
7 56
9 94
10 12
3 59
3 19
1 80
3 53
4 71
9 34
1 73
8 9
7 50
4 34
9 34
6 2
10 85
4 55
10 57
9 10
10 55
7 83
7 10
4 57
7 34
5 29
5 2
5 20
3 94
5 37
8 100
2 8
4 85
5 88
2 95
5 80
2 41
3 15
8 93
9 91
9 2
6 89
4 30
3 77
2 46
4 47
1 78
7 87
2 41
5 10
3 67
7 52
6 48
10 35
9 69
7 96
8 5
1 84
10 70
1 17
1 11
2 47
3 43
6 50
3 89
10 85
3 66
4 42
9 63
5 23
10 57
7 5
7 97
9 90
8 77
7 89
5 46
1 5
4 75
1 63
3 49
1 82
8 34
2 26
10 76
2 96
10 68
1 29
9 32
9 96
4 51
8 57
5 93
9 97
5 55
2 17
1 18
3 61
10 34
2 9
6 74
8 13
5 0
1 98
3 59
2 61
9 47
4 82
8 62
9 67
9 63
8 89
10 88
8 44
4 16
4 38
8 0
3 31
8 62
1 7
3 44
6 41
6 97
10 2
7 52
7 32
1 87
8 79
10 21
5 29
1 15
5 66
5 96
9 62
7 10
10 46
1 2
2 59
2 31
3 65
4 16
4 42
10 34
4 49
2 49
5 48
8 5
2 78
5 42
8 34
4 35
4 71
7 96
9 99
2 95
4 18
6 64
2 76
9 40
1 79
6 100
5 34
8 40
9 41
6 17
2 84
4 24
8 5
2 76
4 74
7 69
7 58
10 7
3 85
10 88
10 73
4 26
9 45
5 9
6 7
1 37
7 27
6 36
1 47
2 76
4 31
2 17
8 18
7 4
3 66
8 63
3 65
9 27
10 86
8 26
6 40
2 81
2 24
10 6
2 73
10 37
3 35
7 85
4 43
4 39
10 26
6 2
6 16
6 76
2 74
4 89
4 54
2 74
4 62
7 51
10 35
6 29
5 80
3 18
1 19
6 67
8 23
8 94
10 85
1 28
8 88
10 74
9 38
8 15
1 18
6 60
4 60
10 73
9 17
8 35
2 91
5 20
8 93
2 39
8 80
6 29
5 24
1 29
5 65
9 69
1 100
8 35
2 1
3 25
7 24
3 86
9 16
10 68
8 0
5 52
6 2
8 84
1 29
6 84
7 7
2 23
5 100
6 67
2 68
2 85
7 74
7 34
5 18
5 32
5 47
3 73
7 94
1 78
4 89
10 98
1 65
9 88
9 48
9 14
10 82
5 95
7 39
1 98
9 48
5 72
9 72
3 3
8 27
2 85
7 81
1 38
3 20
9 62
5 30
1 33
3 56
6 94
8 79
9 6
8 17
1 36
6 32
9 17
1 10
5 14
4 69
5 57
5 1
4 17
8 9
2 54
1 91
2 82
4 86
10 74
10 30
5 93
4 87
9 29
4 84
2 36
5 19
2 53
1 17
4 10
1 57
8 93
10 25
2 70
4 21
6 70
6 95
1 66
2 100
6 53
6 27
4 60
1 71
4 94
10 8
6 75
6 59
6 30
1 43
5 76
5 12
3 33
8 36
8 96
4 17
7 59
2 70
4 11
4 18
3 70
4 48
1 21
1 57
10 96
1 64
1 66
3 32
5 47
4 1
3 20
7 61
5 61
4 79
4 40
5 42
9 1
3 58
7 82
3 23
7 46
5 29
4 18
3 65
9 24
6 77
2 8
1 7
1 67
2 13
9 3
8 100
3 10
3 83
2 13
7 94
10 38
9 7
2 33
1 88
9 14
7 30
6 25
9 5
9 72
2 90
6 78
2 80
7 17
10 59
10 65
8 31
6 25
2 18
8 21
5 25
8 58
6 66
7 55
8 64
6 62
4 45
6 71
4 8
5 61
6 63
10 44
10 33
7 18
6 72
8 71
3 9
7 15
1 65
2 35
4 39
10 28
5 79
7 53
4 1
1 4
3 6
6 73
9 33
10 8
4 30
6 36
1 100
2 51
7 29
7 96
3 71
2 48
6 35
8 6
9 59
8 23
2 75
2 55
10 99
2 21
3 64
5 95
8 10
3 93
2 32
10 90
7 23
4 99
6 82
1 99
4 17
10 75
8 48
1 4
4 30
3 65
9 8
7 29
4 43
7 100
1 20
5 95
10 49
1 4
6 78
7 12
5 68
5 2
3 64
1 88
2 51
5 99
4 65
4 46
4 84
9 33
3 37
8 89
2 32
7 37
5 13
7 33
4 40
9 91
8 84
2 3
10 70
1 33
6 33
3 40
6 59
6 20
1 93
4 95
9 99
5 45
5 82
6 26
8 10
4 17
9 95
4 51
10 63
6 68
4 48
6 12
4 51
9 77
6 88
4 2
10 73
5 75
10 94
1 92
2 52
1 28
6 79
10 23
5 19
5 73
10 63
7 51
5 95
5 44
7 56
2 48
1 24
3 50
8 72
2 22
1 95
2 80
2 57
10 64
6 66
10 21
3 31
10 26
6 22
3 97
10 96
9 9
2 82
10 55
3 84
8 75
8 41
3 18
2 39
6 78
2 70
10 45
4 39
2 76
9 13
3 29
3 88
1 60
7 31
8 71
9 90
10 16
8 51
1 90
2 91
4 75
10 93
10 4
2 53
5 65
6 51
9 92
2 59
8 63
6 46
8 94
7 68
5 98
5 100
1 71
10 23
10 61
7 74
10 50
3 87
7 30
1 62
10 77
6 98
7 88
4 100
3 53
1 76
5 67
1 91
7 80
7 27
10 1
1 10
9 84
4 89
8 57
4 78
6 84
10 45
4 11
8 7
1 51
5 1
10 27
6 36
2 4
6 91
3 7
2 22
1 100
4 63
4 6
6 49
4 46
3 62
4 12
2 59
2 94
6 74
5 93
3 57
6 58
5 18
8 64
5 8
10 59
4 29
9 51
6 68
6 41
6 100
8 13
10 26
5 45
10 84
6 95
1 90
2 37
6 52
3 88
3 37
5 48
5 57
8 54
8 97
6 31
5 39
5 12
10 65
2 3
2 28
4 8
9 70
8 57
6 17
10 79
1 61
5 34
3 81
9 49
6 7
9 93
3 42
6 36
7 58
7 80
2 46
10 51
10 61
9 80
6 84
4 66
9 97
7 40
10 58
2 87
3 18
9 86
2 0
8 52
7 35
2 53
7 5
7 44
6 2
1 25
4 35
5 75
6 14
2 82
3 69
6 67
3 50
5 49
4 78
4 6
7 45
1 98
10 93
8 61
3 71
6 36
5 11
7 14
1 0
3 52
7 71
7 23
7 6
6 78
9 29
2 31
9 36
2 75
9 26
9 90
5 66
3 99
5 6
6 75
2 59
1 35
8 99
6 7
8 13
9 98
7 33
9 14
3 0
4 40
1 72
4 58
8 26
2 36
7 18
10 79
1 36
2 75
4 34
1 31
5 4
4 36
3 38
4 7
6 27
10 91
5 98
7 52
7 16
7 19
7 97
7 75
3 12
4 67
6 29
1 21
6 83
2 4
2 89
9 73
1 60
9 74
9 11
7 98
7 42
10 39
10 80
6 58
9 30
1 32
3 67
5 68
8 42
2 56
10 20
1 15
7 57
1 10
10 52
4 19
4 3
3 89
10 14
8 57
10 96
7 67
2 48
7 50
8 59
3 47
1 61
4 80
2 18
2 82
9 98
2 41
5 33
3 87
2 8
2 2
4 62
6 24
1 58
2 54
8 84
10 60
5 46
1 2
2 32
6 38
7 18
4 13
10 87
9 6
10 5
4 26
1 4
1 62
2 95
9 50
6 46
7 27
5 43
8 20
5 83
6 67
1 71
8 1
7 65
4 80
8 23
5 63
10 32
6 38
8 78
4 6
7 31
8 42
7 11
1 20
4 96
1 10
6 89
2 9
2 87
6 77
1 39
3 7
4 43
9 58
8 68
6 56
9 6
2 60
8 79
9 53
6 58
8 3
9 51
1 25
7 33
4 15
4 37
1 90
4 89
2 16
5 63
5 79
3 31
6 53
3 86
6 69
1 95
10 55
4 2
9 48
7 42
1 39
6 84
2 6
1 80
5 23
1 86
3 74
7 51
1 74
5 98
9 63
2 30
6 15
7 7
2 50
4 99
2 54
10 91
3 33
7 13
4 71
9 96
7 52
3 84
9 12
2 92
7 68
7 89
4 47
1 61
4 43
8 52
9 97
4 12
8 10
8 73
1 79
6 25
2 48
5 65
4 47
4 65
6 20
3 92
9 68
1 48
2 58
3 69
7 88
3 89
4 57
2 90
3 0
7 72
2 20
1 74
2 26
9 87
6 47
7 68
2 26
9 72
1 24
4 64
8 78
6 1
3 59
6 2
1 48
10 52
1 73
1 55
1 77
8 46
8 38
5 57
4 17
9 20
8 86
10 49
5 48
4 67
3 78
7 68
7 58
6 100
2 66
1 4
7 76
3 82
5 73
3 70
1 96
2 6
1 15
10 98
2 58
1 40
4 37
6 100
2 85
1 58
8 47
8 61
3 47
2 20
7 33
10 14
5 59
9 96
5 63
1 33
8 90
4 21
6 26
4 60
7 96
8 55
2 5
7 13
4 28
5 14
9 90
3 8
2 23
4 66
9 92
8 77
5 5
7 13
4 62
3 45
3 75
9 95
5 46
1 15
1 95
9 88
7 55
9 48
10 77
6 98
5 40
2 45
9 39
4 21
1 38
10 73
10 32
4 72
7 73
9 28
4 75
5 29
7 13
3 17
4 6
2 67
6 88
1 3
2 59
8 1
1 7
6 78
7 5
6 34
6 91
6 76
9 86
1 100
6 19
5 15
6 8
8 4
4 31
8 64
7 0
6 62
5 14
7 48
4 100
10 44
3 63
1 19
4 30
10 22
6 97
2 28
9 20
2 10
6 52
6 11
1 40
2 12
3 87
8 70
1 58
1 78
10 54
9 71
5 0
7 91
6 90
1 50
9 31
10 46
5 85
5 65
4 73
5 84
1 1
7 56
4 81
5 91
8 73
6 100
10 96
2 75
3 99
7 16
4 94
10 65
10 72
1 16
5 93
1 70
9 54
1 2
5 68
2 95
2 92
3 2
2 34
5 95
6 45
2 72
2 57
5 3
2 53
10 46
8 78
6 70
6 66
1 38
10 48
9 73
3 76
2 57
4 84
5 43
5 93
6 91
3 67
2 64
6 19
10 20
5 48
9 59
3 56
4 19
9 60
1 14
2 70
10 68
3 8
4 3
8 99
7 17
2 89
1 34
2 53
6 78
2 7
6 43
3 38
9 23
4 93
9 43
5 42
9 3
9 33
7 86
6 62
3 78
2 50
1 76
10 22
10 73
3 6
5 69
5 63
9 67
9 54
10 32
8 85
8 92
10 1
6 10
2 67
4 46
1 85
2 13
9 38
6 26
6 11
10 90
5 93
4 18
3 78
1 26
10 59
4 31
3 50
6 80
8 3
10 17
1 51
5 41
6 68
5 82
9 80
9 0
8 27
5 53
6 17
3 22
8 84
1 67
3 33
4 84
7 96
4 40
3 63
8 81
7 24
10 41
1 98
4 5
3 0
3 80
4 35
3 7
8 90
8 23
8 85
1 49
5 63
2 45
6 13
5 62
7 18
9 19
10 54
10 41
2 66
6 60
10 50
10 48
8 38
7 6
5 86
3 1
6 75
1 21
8 19
7 81
7 71
9 82
5 93
8 61
9 3
9 64
4 60
10 53
8 77
7 46
2 87
6 43
8 6
7 22
5 26
7 10
7 19
5 72
4 66
10 70
5 48
7 72
4 10
7 9
3 47
6 45
5 31
5 21
7 54
10 45
4 84
8 46
8 10
3 17
9 68
2 40
4 10
2 64
7 7
5 100
6 17
3 25
7 67
2 80
1 91
5 40
4 91
4 4
6 51
7 97
7 24
9 24
8 42
2 22
8 45
8 59
4 33
9 19
1 78
5 29
10 26
9 55
10 26
10 86
8 85
3 87
4 43
2 8
6 81
7 41
4 85
4 13
10 73
3 96
6 1
5 66
10 45
3 72
5 52
7 17
8 43
7 11
2 18
5 2
4 47
2 80
7 40
8 77
7 94
10 91
7 6
7 62
8 33
9 25
5 44
8 99
4 18
3 68
1 37
4 70
8 16
8 84
3 33
1 25
8 44
4 78
10 91
8 11
7 99
9 51
1 43
2 16
6 52
5 44
2 54
7 55
1 21
1 76
10 55
1 36
4 0
9 44
3 82
3 45
2 24
1 56
9 7
7 37
9 71
7 43
10 3
5 93
6 68
10 87
1 57
10 52
4 11
8 94
7 29
6 25
6 80
8 73
7 18
2 54
9 4
10 88
2 54
2 1
4 57
6 79
4 48
1 57
8 74
1 58
8 15
9 68
9 4
4 68
3 67
4 36
8 34
7 72
6 33
5 61
7 71
8 74
6 23
4 67
9 93
1 6
2 32
1 77
2 77
4 57
2 51
7 53
5 77
1 23
6 81
5 80
1 9
4 35
3 94
8 68
7 21
4 12
2 77
5 58
6 75
5 61
3 47
1 38
9 8
4 30
10 56
9 90
1 63
1 69
4 33
6 59
9 89
5 3
10 35
2 90
3 36
7 68
9 18
1 50
5 82
3 37
3 63
5 84
3 30
5 20
5 79
1 3
3 64
9 90
2 52
3 82
4 49
7 58
10 29
9 45
3 5
8 37
1 65
1 85
8 34
7 69
9 62
7 27
9 9
6 88
3 62
3 76
8 3
2 57
1 34
2 8
1 100
1 37
1 60
4 44
6 53
1 35
7 4
5 22
4 91
9 39
8 51
9 26
6 32
3 83
3 30
5 22
4 56
3 47
9 2
6 67
9 29
8 19
3 47
4 40
6 61
8 57
3 98
10 69
3 23
8 100
7 61
5 100
4 32
8 35
9 19
8 84
1 69
2 41
10 4
3 89
3 28
8 47
9 54
9 28
7 16
2 35
3 36
3 59
1 0
2 32
3 29
7 68
6 16
1 93
2 74
2 53
10 39
9 75
9 31
10 11
6 87
3 10
5 83
6 99
10 32
4 36
1 19
1 60
5 43
3 68
3 70
7 81
9 76
4 61
8 8
5 68
10 86
9 50
4 51
7 90
3 71
1 51
9 60
1 75
3 98
8 46
5 97
6 65
6 61
2 29
10 35
3 63
1 58
3 67
6 2
10 46
9 0
4 42
5 32
2 38
7 23
2 26
9 23
3 74
5 80
1 67
6 20
1 42
8 79
2 18
7 81
6 9
4 70
4 94
8 14
5 65
3 6
2 47
4 74
8 74
1 93
1 52
1 81
8 0
5 99
6 75
6 16
6 96
10 50
6 93
4 67
1 89
5 54
10 7
5 87
3 74
4 86
1 70
8 25
8 95
1 91
9 69
8 16
2 94
9 28
8 58
6 47
4 88
2 89
5 84
6 81
4 46
9 41
5 20
8 23
4 64
8 36
7 19
7 23
3 28
6 65
7 15
6 75
7 53
6 67
7 5
5 18
10 11
7 43
7 100
3 86
8 92
3 72
8 23
1 6
4 48
2 74
3 71
2 45
7 42
6 26
6 68
2 70
1 10
7 59
5 24
7 33
3 18
8 40
5 59
5 94
4 37
7 0
5 83
8 36
6 10
10 3
2 53
6 13
5 13
8 90
3 27
3 28
9 88
5 38
6 8
8 46
4 46
8 83
3 11
8 12
3 69
2 45
9 25
1 100
5 73
2 67
2 3
9 47
7 2
2 77
8 83
10 28
7 90
8 71
7 89
7 55
7 89
10 77
3 78
9 18
3 17
10 95
8 15
6 2
5 80
10 38
1 64
6 55
8 78
9 91
6 49
1 18
10 63
10 71
5 0
3 48
7 52
4 83
5 99
6 17
8 68
8 91
10 72
4 18
6 36
6 16
7 23
2 14
9 11
8 25
1 42
1 48
8 57
6 90
10 17
9 78
2 9
9 30
5 43
3 5
7 48
7 4
1 97
4 8
10 26
9 60
3 6
5 2
1 98
9 10
10 26
5 8
7 56
5 74
4 0
2 68
4 67
8 92
2 24
5 37
7 26
8 3
7 59
7 44
6 92
5 71
2 29
2 50
3 48
6 13
5 38
6 31
5 44
9 72
3 54
6 28
7 8
8 58
2 18
5 13
5 81
3 37
1 73
4 32
3 52
1 27
4 23
3 34
10 64
1 60
5 16
5 57
2 4
7 17
9 38
9 99
2 70
6 84
9 73
9 32
2 42
9 58
9 65
9 35
4 71
1 28
3 69
8 13
4 73
2 45
2 81
8 20
10 17
10 5
7 69
1 35
10 57
6 27
1 89
9 85
9 65
3 17
7 86
1 98
10 9
7 1
4 91
4 94
1 10
1 41
3 56
2 9
8 74
3 48
2 7
10 32
4 32
7 97
9 40
4 71
2 62
8 53
7 90
6 35
8 79
9 63
5 93
1 21
1 84
5 39
3 31
5 8
4 2
1 20
1 55
5 43
10 12
10 21
5 87
5 31
3 98
5 9
2 30
4 87
10 25
4 98
4 9
2 19
1 55
10 82
7 10
3 70
5 100
10 94
9 28
7 44
5 77
1 39
9 16
4 29
3 60
4 88
5 67
2 64
8 93
5 24
7 60
10 68
3 99
2 73
4 46
1 30
5 47
6 58
4 85
5 20
3 68
8 70
1 25
1 25
2 0
2 80
3 49
9 77
5 26
9 57
5 75
3 66
5 35
9 56
3 38
2 6
8 82
2 41
7 79
1 51
5 9
3 11
10 6
7 54
6 90
2 100
2 1
8 23
10 36
6 27
6 91
2 0
8 61
8 45
3 60
1 85
9 63
1 49
2 61
4 90
9 79
7 40
8 70
9 66
4 22
3 15
7 63
4 7
2 1
5 87
2 98
6 21
5 21
1 6
10 12
5 5
2 34
3 1
3 44
4 9
9 12
7 37
4 25
4 17
10 34
5 86
9 58
3 46
6 78
1 27
10 4
1 46
7 25
4 48
6 13
2 8
6 39
9 94
4 53
8 70
3 16
5 69
6 10
9 36
2 100
1 52
7 70
8 32
5 45
10 64
5 80
4 9
2 16
2 43
3 49
5 0
5 38
4 85
7 93
5 28
1 10
10 57
10 64
1 94
2 82
8 35
7 71
7 25
10 27
9 61
5 95
8 86
6 35
3 78
4 33
7 78
8 52
7 73
4 41
10 69
4 10
5 50
3 98
2 82
4 50
7 91
9 66
6 59
9 81
7 43
6 56
10 77
6 57
8 77
7 16
9 84
2 72
7 1
1 63
3 84
2 57
5 98
1 49
10 25
6 41
10 80
2 33
6 78
9 59
4 10
6 68
2 29
1 57
10 73
3 35
10 72
8 37
6 68
6 85
2 46
6 79
5 49
8 16
3 83
5 87
5 53
3 25
5 26
8 8
10 41
10 100
2 1
4 49
4 12
6 24
4 49
6 38
5 43
4 69
6 87
10 38
8 1
4 54
2 93
2 46
2 57
4 12
5 54
2 35
4 20
4 7
4 86
2 68
10 90
2 85
3 42
6 23
1 88
7 97
6 84
1 60
6 17
6 46
3 52
1 28
7 94
6 75
7 33
2 21
10 94
1 73
5 21
4 4
2 80
2 90
8 77
2 12
2 39
10 17
6 34
2 91
9 10
7 94
1 30
8 95
9 25
6 45
5 65
3 53
8 30
5 75
3 47
10 90
5 29
10 8
8 0
3 98
4 96
3 91
5 23
6 43
6 29
1 2
3 83
1 19
3 92
5 73
9 25
9 63
3 4
9 21
2 60
9 87
8 46
1 44
5 86
6 16
9 100
10 5
2 13
2 1
5 59
4 75
2 60
10 14
2 44
5 54
3 52
4 93
7 60
2 38
3 58
8 92
4 0
3 32
2 21
4 1
10 29
1 75
9 70
1 49
4 63
2 66
5 9
2 25
2 31
4 77
1 0
4 83
4 24
6 37
8 4
1 15
10 66
10 91
9 70
2 23
2 54
7 13
3 99
1 60
5 97
6 16
10 57
8 4
1 3
10 74
6 19
4 51
5 46
4 73
8 92
8 21
6 30
6 7
5 75
4 74
10 51
10 28
10 60
4 21
7 11
5 90
10 66
5 1
9 30
2 76
3 45
2 27
5 62
4 8
3 68
9 19
4 32
10 63
3 26
5 13
7 94
7 96
7 0
2 48
8 40
1 5
10 84
1 43
9 60
5 43
6 52
9 92
8 84
1 30
8 45
8 12
7 55
2 61
5 74
2 67
1 4
3 12
9 40
3 94
3 10
6 41
6 23
6 71
2 82
2 63
8 56
7 64
10 62
2 64
5 39
6 15
5 20
6 54
3 90
8 0
7 75
8 51
9 73
2 89
6 97
5 82
2 29
3 65
2 95
6 82
3 67
1 46
3 89
10 42
4 98
1 5
2 54
3 98
8 100
5 100
6 60
9 81
5 98
10 0
9 56
10 49
2 98
3 4
8 15
6 3
4 34
1 51
5 51
7 28
3 30
2 93
8 29
7 55
2 66
2 11
10 93
2 12
6 100
5 70
6 98
3 27
4 21
4 38
10 14
6 73
4 25
4 90
8 0
4 87
8 55
1 95
7 17
2 43
5 97
2 22
5 32
6 30
7 1
8 91
5 98
2 93
6 33
3 18
4 77
9 93
3 78
3 94
8 65
7 25
9 93
8 97
4 9
6 28
1 28
3 3
6 2
9 43
9 17
7 26
4 45
10 83
10 24
4 88
8 16
7 51
9 69
1 80
8 59
6 36
7 35
7 49
3 93
7 20
9 92
3 67
2 91
6 89
2 66
5 88
8 47
2 34
7 50
8 63
10 41
2 57
3 44
8 4
5 81
8 54
6 25
10 86
8 7
3 39
8 19
9 60
8 99
3 57
8 32
2 5
10 0
5 5
4 26
1 57
8 68
7 96
6 60
7 94
5 21
9 83
7 44
4 95
4 24
7 95
6 1
2 86
7 98
7 78
7 49
5 52
8 2
2 15
8 43
3 83
8 55
6 97
7 73
5 76
1 56
3 35
2 92
10 59
2 87
7 94
9 50
2 61
1 90
9 45
8 49
4 3
8 71
5 44
1 33
8 70
10 14
7 45
2 93
10 93
6 52
5 44
10 17
9 1
6 66
10 24
3 90
10 91
6 21
1 3
8 4
7 2
8 14
5 7
1 38
1 36
3 90
9 84
7 62
3 62
3 23
8 66
3 10
7 95
7 46
3 26
5 83
10 63
9 91
1 9
2 57
6 62
6 62
1 87
1 31
9 11
2 91
3 34
2 45
1 89
6 63
8 54
2 96
6 82
6 8
4 76
2 83
1 5
1 39
9 73
6 91
7 6
3 90
2 75
2 97
8 33
9 95
6 73
1 99
5 30
2 15
6 68
4 97
8 23
3 21
7 32
4 95
1 38
5 77
10 78
6 20
8 100
1 71
5 42
10 78
1 56
4 6
7 82
6 31
10 6
4 55
4 86
2 56
10 24
10 78
2 48
4 55
1 45
8 38
4 76
6 33
8 72
10 41
3 16
3 38
9 39
1 8
6 38
4 83
9 34
10 49
1 9
3 60
6 44
2 65
4 20
6 33
1 51
8 88
3 59
3 98
8 22
8 31
5 44
5 8
3 66
4 4
5 77
7 61
6 73
1 8
3 59
2 99
3 87
1 89
4 80
4 60
4 42
7 18
8 63
2 11
6 90
4 49
1 13
2 96
9 84
3 59
1 32
4 0
7 50
2 58
3 37
6 55
9 64
5 83
6 18
9 25
3 43
4 0
8 4
2 85
1 69
8 74
2 58
1 46
6 98
7 17
6 35
4 72
5 14
10 46
8 63
10 74
3 89
9 43
8 49
8 84
8 26
10 32
2 71
9 100
8 72
7 95
2 3
2 75
2 25
3 73
10 67
4 81
10 4
1 29
9 14
5 22
8 99
4 61
2 19
7 83
6 93
9 87
5 36
10 63
7 15
3 14
9 65
10 48
1 75
1 84
1 2
10 17
5 41
8 29
8 15
2 34
7 0
4 16
6 0
2 79
8 53
10 92
7 48
5 33
6 13
9 63
6 12
8 31
6 53
5 53
9 97
2 41
6 5
7 14
1 83
4 12
3 24
5 2
7 79
7 82
5 34
9 93
3 63
4 82
8 9
7 13
6 12
3 100
6 26
2 92
4 66
4 37
9 37
9 52
6 12
2 13
6 70
5 19
3 9
7 34
6 51
4 2
6 1
2 51
7 2
5 58
9 26
2 84
8 69
2 18
10 29
2 86
6 23
10 19
9 49
3 61
5 63
9 7
9 68
4 39
10 68
6 15
10 73
1 57
4 29
8 33
6 67
2 11
2 7
10 60
1 7
1 27
7 55
8 48
4 63
8 65
5 36
1 14
10 89
4 64
3 41
1 73
8 52
10 70
8 64
5 91
2 100
10 13
3 74
1 57
3 81
8 83
1 4
1 53
5 72
5 39
10 100
6 27
6 58
2 67
7 34
1 32
8 75
10 51
3 65
7 62
6 77
8 4
10 60
9 2
4 24
9 17
4 43
8 18
1 18
4 50
9 39
3 72
2 61
7 62
5 32
1 70
3 35
3 100
8 22
5 9
4 76
10 58
9 31
4 24
10 10
4 55
4 57
4 93
10 66
10 87
2 14
3 95
7 21
6 65
4 96
10 14
5 79
9 7
7 19
10 77
6 32
7 19
3 18
9 72
5 58
6 55
6 31
1 90
6 61
4 44
5 49
6 1
4 53
8 15
8 31
4 0
3 38
4 62
5 33
6 64
8 89
5 83
4 52
3 35
8 29
8 65
8 74
5 40
9 9
6 30
10 88
1 80
6 91
9 68
9 76
3 65
8 77
5 35
8 20
3 20
9 2
8 58
1 63
1 83
9 97
6 88
8 69
7 40
2 18
8 56
10 71
6 29
6 79
5 54
4 6
3 76
8 19
6 30
10 58
10 83
9 21
6 90
4 95
7 86
9 27
3 12
5 46
5 35
2 51
8 63
5 78
8 55
4 58
3 0
9 70
8 18
3 49
6 94
1 79
2 16
4 22
10 34
10 27
4 98
9 52
2 30
3 81
7 36
9 0
1 58
3 93
7 55
1 100
3 3
7 15
5 44
7 97
10 15
1 67
7 45
6 70
1 80
2 22
10 1
5 0
1 83
8 79
6 60
4 41
1 73
7 67
6 1
10 40
8 79
1 33
8 53
7 60
8 46
10 21
4 6
7 33
2 67
6 63
6 17
1 21
10 42
5 10
1 38
10 22
5 74
5 9
6 26
2 99
7 25
8 99
10 78
4 41
2 62
8 73
1 54
2 53
5 27
8 29
2 21
10 41
5 26
7 95
1 6
8 91
6 32
5 9
2 89
9 25
9 55
3 61
8 4
7 89
3 44
6 55
2 2
10 7
1 38
1 42
1 23
3 91
8 52
7 49
4 75
9 58
3 31
2 73
8 7
5 13
10 14
7 24
1 16
9 62
7 34
1 42
4 34
10 28
3 32
3 67
8 70
10 55
9 60
3 81
9 77
2 92
1 89
10 61
10 6
6 92
4 20
8 65
7 76
9 14
3 52
9 28
2 19
4 66
7 39
9 23
10 30
3 81
8 42
7 6
4 74
7 37
10 19
6 48
3 12
4 78
6 94
6 80
5 47
8 94
3 22
8 90
9 43
8 28
10 37
6 8
6 50
8 14
1 47
6 4
5 46
10 53
7 47
10 78
2 9
9 22
1 79
6 29
4 35
9 45
4 12
4 69
6 76
3 86
3 17
1 3
6 57
9 67
5 43
9 18
2 48
3 88
1 92
5 60
10 54
3 50
1 77
8 22
3 22
7 17
4 18
3 63
5 45
8 26
4 78
6 87
10 91
5 24
2 49
4 64
6 65
4 47
1 76
3 50
2 2
5 90
9 67
5 35
6 86
3 59
8 94
9 13
10 51
8 12
1 5
4 69
6 40
4 24
5 0
5 68
9 6
4 59
3 77
8 65
10 69
4 12
4 51
3 14
2 11
3 58
6 91
1 92
1 20
6 79
6 44
9 75
3 3
8 56
7 79
7 92
9 18
10 80
4 33
9 20
4 94
5 10
8 16
8 13
3 22
6 12
7 5
10 55
2 4
8 57
4 64
2 25
7 56
6 67
5 0
8 8
5 19
3 17
1 54
10 34
3 6
7 5
3 51
1 64
8 50
10 54
5 11
4 88
1 64
1 100
10 78
4 100
4 46
8 88
4 7
1 79
10 44
3 81
1 2
3 34
1 27
6 22
9 38
5 24
2 61
6 82
4 26
5 18
1 74
3 41
7 51
9 6
3 31
2 47
4 95
8 1
10 69
9 75
8 91
6 1
1 96
9 99
5 69
7 57
6 12
5 39
8 44
3 34
4 100
2 1
9 12
5 71
2 80
4 83
10 92
5 55
1 44
6 13
5 89
2 3
8 89
8 44
8 55
1 44
9 4
9 89
10 87
4 28
9 91
3 40
1 33
6 4
4 50
5 72
1 15
9 57
5 25
10 87
8 61
3 46
6 17
10 68
3 49
4 63
8 25
9 44
10 61
4 50
1 39
5 49
4 100
7 39
3 74
7 91
4 13
10 39
7 10
7 20
3 27
6 42
8 89
10 41
5 38
10 60
4 3
10 86
1 35
4 99
4 4
6 42
10 6
1 28
7 15
8 14
10 21
1 58
2 73
5 75
9 7
4 1
8 67
7 92
2 22
2 99
9 55
8 70
4 97
10 32
2 60
4 79
2 7
9 92
7 53
3 20
7 58
4 20
10 95
5 41
4 8
1 14
7 31
1 50
5 55
9 24
1 77
5 83
1 73
4 4
1 83
7 25
8 87
8 18
2 58
6 94
5 42
8 72
6 9
3 33
1 18
6 23
9 92
4 53
4 39
3 40
4 38
1 62
4 13
1 70
8 56
8 19
8 26
10 14
9 4
6 34
10 21
1 76
4 25
3 98
5 28
3 74
4 6
1 26
1 22
2 85
7 60
5 54
3 65
3 11
10 33
9 74
7 95
6 58
5 0
7 88
9 29
4 83
7 94
9 34
7 16
4 98
5 77
6 100
9 93
2 91
6 34
9 3
9 58
4 3
10 52
5 77
7 85
6 54
5 3
9 93
9 47
5 5
3 78
9 12
10 1
1 58
9 3
10 28
2 2
3 64
9 90
6 66
3 13
2 19
8 93
7 82
6 68
8 16
7 51
9 43
4 43
6 85
7 7
8 59
9 72
1 72
4 35
4 81
3 41
2 99
8 29
1 79
10 13
9 8
9 14
8 49
10 83
9 21
5 46
8 22
3 85
1 36
2 20
4 100
7 15
9 31
5 50
2 49
1 91
3 18
4 87
3 42
5 27
2 80
6 45
2 85
1 61
9 35
2 57
1 18
10 71
7 46
8 84
1 23
5 34
1 94
8 72
2 8
7 77
10 35
7 72
2 1
6 7
8 8
3 5
1 52
9 97
7 64
4 82
5 95
3 83
9 27
2 89
6 31
4 89
7 56
6 1
2 4
3 2
6 47
4 23
8 53
4 9
9 78
3 72
3 66
8 69
6 74
3 42
4 63
10 100
4 67
1 91
2 77
9 87
5 47
3 64
5 87
2 45
5 81
4 57
3 94
1 38
6 67
10 79
7 55
7 70
4 48
10 51
10 73
6 19
3 62
1 65
3 82
10 62
5 64
8 95
2 96
1 44
8 39
6 100
7 43
6 88
5 27
10 8
2 9
8 75
6 39
9 35
1 40
4 55
3 52
9 93
5 77
8 53
8 96
8 51
4 97
2 5
1 89
6 50
9 39
10 88
1 38
1 10
7 81
6 55
8 94
7 59
3 34
5 25
1 19
5 71
9 87
2 92
4 67
7 90
8 34
4 28
2 68
7 52
5 86
4 73
3 0
4 30
3 26
4 89
2 48
8 23
1 99
1 37
8 100
1 52
1 5
9 75
10 93
6 27
9 67
2 95
7 6
9 78
8 89
7 70
9 77
4 19
8 57
3 69
8 76
3 50
4 42
2 21
5 36
4 97
7 97
1 18
10 26
9 84
10 82
5 57
7 30
10 53
5 27
4 18
9 75
5 43
7 83
6 40
10 3
9 54
5 54
9 76
5 98
7 39
4 93
3 32
6 16
4 77
9 98
6 89
1 77
1 73
4 7
2 66
8 78
2 48
5 70
10 90
3 20
10 79
10 29
8 49
7 28
3 25
7 76
2 15
5 18
8 68
10 11
9 97
5 30
9 67
4 75
4 56
7 54
9 99
5 80
9 43
9 36
5 46
8 77
4 73
4 35
1 98
1 5
6 62
8 99
4 60
7 54
6 77
2 30
3 0
9 100
8 67
4 88
4 39
4 64
8 94
1 57
9 94
2 80
9 96
2 30
5 42
3 65
2 53
6 55
6 59
5 14
6 49
2 80
3 75
4 79
3 23
3 69
4 23
5 1
4 5
6 18
1 59
4 13
1 71
3 81
2 64
3 70
9 74
9 79
2 78
7 14
10 8
8 20
2 45
10 57
4 78
6 85
5 87
3 0
1 73
8 32
2 28
9 76
10 24
1 18
4 67
7 82
2 61
7 58
10 64
8 35
2 25
7 43
8 48
10 56
8 70
7 41
2 81
2 61
5 89
2 67
2 80
1 7
6 37
9 97
10 74
6 92
2 100
3 56
10 45
1 97
7 70
10 81
4 97
8 59
10 75
8 50
5 24
8 52
10 71
6 51
5 55
7 73
3 72
10 90
4 9
5 5
2 1
7 41
8 87
6 1
10 61
4 38
1 87
1 68
8 70
9 43
9 56
10 74
2 7
2 55
5 60
5 94
4 89
1 93
4 85
2 70
9 10
10 69
1 60
6 44
5 67
3 17
8 33
6 91
8 24
9 14
4 18
7 54
10 40
1 98
8 13
8 38
3 76
9 62
5 46
5 52
1 86
1 15
3 39
7 35
1 73
10 37
1 57
3 61
9 9
2 32
2 48
3 55
9 12
1 85
4 20
7 22
1 4
5 32
2 74
2 3
4 77
1 16
4 60
6 75
2 70
9 16
10 64
7 60
7 68
1 48
9 86
1 67
1 36
9 30
10 69
2 50
6 41
2 48
4 10
3 83
2 70
1 2
2 43
6 2
10 93
7 40
7 21
10 78
6 100
9 19
2 6
10 60
1 17
3 28
2 67
9 30
1 53
1 98
3 41
9 48
2 93
9 81
2 47
8 12
4 3
6 29
5 30
1 5
1 83
3 100
7 86
3 55
7 23
5 22
3 95
5 11
2 27
5 5
4 69
2 28
4 89
5 3
10 73
7 6
10 43
7 35
2 24
9 26
5 11
7 52
2 81
10 49
7 48
10 48
5 98
3 75
8 77
8 74
5 25
10 97
5 55
9 49
8 85
5 97
1 45
9 0
9 53
10 78
9 80
10 36
1 5
2 96
3 100
5 22
9 34
8 79
8 36
4 4
2 33
7 39
9 1
3 19
5 77
8 56
10 23
9 59
5 1
5 36
8 91
1 91
3 57
6 37
6 69
2 78
8 30
1 49
5 43
7 62
10 54
2 12
3 8
3 24
2 78
2 60
4 67
7 44
4 38
4 60
9 23
8 91
8 50
5 87
3 86
4 43
8 36
6 38
8 9
3 59
9 90
7 8
7 76
9 25
6 7
4 89
6 77
10 57
10 9
5 54
1 82
4 77
1 35
2 70
2 90
3 67
2 35
5 40
10 55
5 99
7 85
10 6
4 15
9 59
7 39
4 77
3 19
1 17
9 44
10 54
6 30
3 27
4 84
10 40
8 6
5 42
9 38
9 34
5 46
3 92
4 73
2 80
8 41
6 4
5 88
5 46
1 23
3 42
6 57
6 11
2 12
8 88
7 34
