10000
7 20
4 56
3 9
6 8
3 56
4 90
2 95
10 54
9 38
1 96
6 87
6 41
6 52
6 32
6 64
3 40
7 97
3 34
1 13
6 96
6 76
2 28
8 64
8 63
4 89
10 29
8 56
8 49
7 90
9 7
1 66
5 84
9 56
1 80
9 41
2 18
6 67
6 42
9 44
5 55
9 98
10 82
7 75
6 43
10 98
8 64
7 100
8 6
6 21
4 27
2 0
3 13
6 72
7 88
5 95
4 39
2 32
8 36
2 77
7 83
1 31
2 40
3 58
4 29
5 40
8 6
10 9
2 100
1 64
10 64
6 53
7 73
10 54
4 8
6 36
3 80
2 16
8 53
7 53
3 13
6 88
3 42
8 67
8 81
1 56
10 96
9 77
1 80
2 46
7 68
6 94
7 54
6 58
5 82
8 11
7 79
9 0
1 43
8 50
4 9
10 32
9 49
4 75
10 53
6 39
7 54
3 12
6 43
8 16
10 24
3 63
2 91
2 19
9 46
10 78
3 70
7 54
3 3
3 25
4 0
9 28
4 17
10 7
4 99
2 90
9 78
3 35
10 40
9 38
3 93
9 86
2 32
9 15
1 32
7 56
10 46
7 49
2 30
10 12
2 31
8 98
1 89
6 77
5 16
10 77
1 71
2 37
2 9
3 83
5 51
10 58
5 50
8 61
1 36
7 85
1 89
3 63
9 61
1 10
1 86
1 61
4 10
10 97
4 37
1 5
8 35
7 89
1 35
4 1
8 70
6 42
3 19
7 12
8 18
5 75
2 68
9 87
8 95
8 41
7 78
8 20
3 26
7 97
6 52
8 64
7 43
6 28
8 88
4 36
2 2
2 12
8 26
1 0
2 95
2 47
8 19
3 41
2 31
4 99
8 60
1 25
8 78
3 54
9 72
10 22
4 78
4 70
9 2
4 68
7 78
3 70
5 47
4 40
8 26
7 75
2 58
10 36
2 22
4 99
10 65
2 43
3 82
8 88
7 20
3 64
5 94
7 67
8 4
3 96
8 37
9 8
8 24
7 55
1 65
4 55
8 20
1 35
8 77
8 11
10 38
6 90
6 50
9 26
3 15
10 31
2 82
5 39
8 83
10 26
9 66
9 90
2 26
8 3
6 43
1 13
9 11
6 98
6 84
4 11
7 28
4 43
3 64
3 90
8 40
3 64
10 49
8 86
9 3
1 78
9 19
8 23
1 1
1 0
6 95
4 14
1 93
6 13
5 15
9 49
1 55
7 67
9 17
4 58
5 52
2 41
4 18
10 39
5 77
7 73
1 91
4 12
3 22
7 53
8 20
1 3
2 47
10 11
6 46
3 87
2 58
2 27
8 40
5 43
7 11
4 75
9 2
8 55
3 32
6 28
2 95
2 71
2 79
2 68
6 34
5 65
4 31
3 32
1 31
8 60
8 34
1 33
5 77
1 71
4 85
10 63
3 72
7 35
2 98
5 4
10 92
3 70
9 50
4 14
1 63
1 54
1 50
2 13
1 11
4 49
7 84
8 54
9 82
5 88
4 45
3 34
4 100
10 77
1 87
2 29
7 16
5 73
8 31
2 23
4 52
9 58
5 21
10 10
8 60
4 35
9 38
4 44
6 57
5 6
9 87
8 37
6 17
3 18
2 29
2 43
5 17
5 4
2 89
2 62
3 53
3 98
1 70
5 82
1 21
9 54
1 7
9 42
4 16
10 26
9 27
2 31
5 52
8 17
1 65
2 79
1 10
4 18
3 13
2 27
2 90
1 96
1 11
3 91
4 26
4 49
1 3
3 67
5 4
1 24
5 23
6 81
3 22
5 48
6 93
2 82
2 44
2 66
4 5
10 34
1 97
1 71
7 12
2 45
2 99
8 99
1 99
7 48
10 98
7 21
8 22
4 28
10 42
10 59
3 22
1 13
7 9
6 73
4 36
5 89
6 20
2 26
6 98
5 27
4 28
6 67
10 5
5 89
9 10
2 88
7 85
8 61
2 18
5 4
10 7
3 16
3 63
10 90
7 72
8 74
10 79
8 87
4 99
1 19
1 53
2 37
6 67
10 56
4 21
1 23
4 38
3 0
1 45
6 35
1 73
9 3
9 5
6 41
1 96
6 6
5 76
8 83
9 3
1 87
8 24
4 28
10 43
2 8
4 3
4 2
10 0
2 60
8 6
5 77
1 19
2 53
3 20
4 73
9 58
1 66
8 0
5 47
2 53
4 69
4 34
4 16
4 31
1 3
9 46
3 17
10 32
9 32
3 25
2 59
3 39
1 70
8 14
10 56
1 52
2 3
1 87
2 26
9 16
10 34
7 88
7 58
6 23
7 95
9 83
2 91
10 72
7 46
9 25
10 4
4 31
6 64
5 10
10 97
3 21
1 94
3 25
6 56
4 0
2 15
3 56
8 33
5 70
6 58
8 61
4 11
4 71
3 1
2 51
6 45
10 1
10 46
1 9
6 21
3 28
10 30
5 23
10 40
6 91
8 27
4 95
4 67
7 19
1 9
10 96
10 19
6 66
7 84
2 95
5 14
5 4
1 44
5 8
10 18
7 90
4 83
10 31
8 36
8 25
7 28
8 20
6 4
9 63
9 33
8 32
6 16
5 70
1 6
6 88
4 28
7 70
2 82
3 6
7 55
1 12
9 25
7 47
1 93
6 53
2 100
6 62
5 97
7 74
6 48
2 98
7 99
6 47
4 90
1 90
10 88
10 1
9 93
8 48
7 20
8 36
9 64
9 62
6 18
6 92
2 64
7 44
7 42
4 44
4 45
4 54
9 79
6 35
5 18
4 97
4 85
3 87
4 59
4 67
1 27
6 98
8 79
5 32
4 43
3 97
10 24
1 82
1 87
3 60
5 43
8 37
5 32
1 9
8 76
3 88
10 47
8 56
10 66
9 42
9 7
2 89
8 66
6 10
7 32
5 26
5 50
3 78
1 10
1 71
5 93
8 47
3 0
9 6
4 93
9 100
9 69
4 99
7 54
7 77
9 5
7 62
9 31
8 53
6 70
8 86
1 9
9 47
6 13
7 41
2 41
6 32
1 70
8 1
3 15
7 44
9 28
10 47
6 92
3 55
1 5
5 18
4 41
6 74
1 75
4 80
1 93
5 17
10 80
3 40
10 87
2 37
1 93
3 31
6 42
5 8
3 14
6 61
5 45
10 63
2 73
7 22
9 83
9 94
7 54
8 47
9 92
8 3
7 26
10 3
7 1
1 48
10 77
6 31
7 35
9 98
4 8
4 47
2 51
2 44
10 73
2 11
5 78
3 23
2 83
10 33
9 62
6 82
6 96
5 82
7 68
5 53
7 27
8 9
6 43
3 75
8 40
3 80
9 7
5 72
9 54
7 16
3 34
9 60
7 44
9 81
7 44
7 16
2 19
6 19
1 7
4 63
6 19
4 70
10 50
8 58
3 75
2 66
6 59
9 80
7 82
3 88
9 22
8 34
10 100
2 3
10 26
6 70
10 52
2 35
7 54
6 15
4 91
2 48
8 61
10 60
8 95
6 9
7 25
6 43
4 63
2 30
7 11
4 33
4 49
3 95
1 16
5 21
8 70
3 0
3 98
9 91
5 39
5 22
9 38
7 41
8 95
4 77
1 93
8 59
4 46
10 42
8 62
2 90
2 8
1 60
7 28
8 7
6 54
6 60
6 7
10 5
1 11
10 29
2 32
6 10
3 75
4 61
9 49
8 41
1 66
9 42
8 29
4 61
8 57
3 20
6 71
6 7
9 72
7 79
8 20
6 79
9 43
3 20
5 22
9 3
2 46
10 56
4 61
10 28
2 22
2 66
5 69
5 75
1 21
8 79
3 24
2 10
3 13
3 23
4 55
9 32
1 46
6 15
3 98
9 57
1 31
8 84
1 85
9 67
1 69
7 3
4 22
7 25
1 69
1 88
9 38
6 96
2 50
10 47
2 7
5 36
2 76
5 54
7 8
9 17
2 38
10 5
7 58
7 57
3 71
10 38
7 18
2 11
4 39
3 89
7 17
10 14
3 100
5 88
3 63
8 81
2 94
3 46
2 87
4 84
7 14
9 33
10 64
7 58
2 83
8 55
2 48
10 46
6 31
5 35
8 14
3 57
4 98
10 96
4 22
4 51
4 6
10 46
10 3
7 78
6 0
7 80
8 27
6 58
5 53
2 91
4 43
4 18
1 65
8 13
8 56
6 75
4 78
5 91
7 58
5 39
9 88
1 37
9 71
6 99
4 64
1 15
4 40
9 52
1 1
1 68
2 34
4 6
4 26
7 58
5 38
10 36
2 76
9 79
5 50
7 14
7 58
4 64
4 86
2 38
2 93
4 26
5 70
6 75
9 41
3 1
10 45
5 87
1 1
4 69
4 1
8 99
7 42
1 59
7 93
8 90
10 8
1 29
6 33
6 67
9 4
4 33
4 97
8 99
8 59
10 6
2 16
10 53
7 66
8 74
4 52
5 9
9 74
2 89
5 8
5 13
8 30
2 96
4 39
10 2
3 45
5 64
3 90
5 2
8 91
6 22
1 22
3 57
6 32
2 52
10 82
9 74
10 70
4 13
3 40
2 28
8 34
4 34
3 15
7 10
9 67
4 23
6 81
7 61
10 53
7 9
8 10
7 96
3 35
8 14
1 72
6 11
5 43
2 98
4 79
10 73
9 52
1 71
7 88
4 58
10 92
1 58
2 18
5 41
10 27
5 48
8 75
3 21
9 34
4 20
4 62
3 81
3 54
3 77
3 8
8 47
6 34
7 42
1 75
5 32
5 65
5 39
5 69
2 64
4 60
1 42
8 42
4 95
6 32
3 42
5 70
3 46
5 9
9 69
10 54
7 87
8 97
10 27
10 63
10 52
7 94
9 4
6 3
10 1
9 39
8 61
8 60
9 67
2 3
8 11
10 51
5 55
5 75
3 87
9 48
1 94
9 41
3 4
8 57
2 8
10 31
1 98
1 93
4 45
2 18
9 63
6 90
7 81
5 33
4 71
6 13
8 9
1 39
1 83
10 79
7 2
6 52
8 98
4 77
10 52
7 16
8 61
9 95
7 57
6 13
6 73
4 35
5 79
7 15
10 73
7 86
6 93
2 91
10 61
1 23
4 58
9 33
9 20
8 24
6 50
5 38
10 47
9 21
9 84
2 49
5 80
7 4
1 8
9 94
2 61
7 81
6 95
3 43
4 64
1 69
2 13
10 23
2 87
4 36
10 83
7 17
4 95
1 24
5 99
5 50
4 77
6 49
6 50
3 81
5 61
1 28
10 63
7 45
3 88
3 97
2 39
8 27
4 60
9 99
9 90
1 63
8 88
9 48
4 66
5 16
10 32
5 92
3 28
8 66
8 82
4 67
4 76
6 19
7 41
8 70
9 43
2 50
4 42
3 29
7 91
5 61
8 10
6 14
7 9
10 63
3 79
3 41
2 8
6 61
5 8
10 70
9 20
1 19
10 41
4 31
6 60
1 51
10 32
1 81
10 65
3 56
6 52
7 65
9 38
1 52
7 80
6 11
1 72
6 87
1 69
5 69
9 73
1 73
1 74
6 90
1 70
10 56
7 66
3 24
8 82
4 20
8 51
7 87
10 7
5 94
8 18
3 7
3 63
10 19
6 51
2 99
2 88
9 84
6 66
4 51
2 60
2 25
2 71
7 4
5 69
5 2
6 67
3 55
5 38
6 10
5 100
2 66
8 42
4 8
7 97
1 76
2 26
3 5
9 16
3 65
9 100
10 30
5 0
6 36
1 68
8 56
6 32
7 48
1 7
1 5
8 49
5 94
6 81
5 31
1 67
1 43
6 44
1 67
6 34
5 51
3 49
8 52
1 82
2 12
6 64
10 88
1 77
6 47
9 97
3 1
1 49
6 30
2 17
9 39
9 0
9 9
5 0
6 48
5 38
2 31
1 64
4 53
4 31
2 96
4 39
10 96
6 52
9 98
1 35
8 89
2 2
10 49
9 13
6 84
3 28
2 57
3 37
6 20
7 6
8 70
10 61
5 50
9 30
10 64
3 14
9 96
2 74
8 6
7 29
6 57
8 35
9 77
4 17
5 19
6 55
5 42
8 66
3 48
8 12
1 64
2 3
8 69
9 38
7 51
3 81
1 53
8 92
4 38
1 69
6 61
6 0
2 90
6 2
8 71
7 49
2 76
3 43
6 57
1 71
4 79
9 100
5 36
3 28
1 8
8 76
4 40
8 78
7 11
8 6
9 96
10 96
4 32
9 4
4 58
3 8
7 52
4 83
10 75
10 93
9 74
9 49
4 16
3 33
10 87
1 16
10 15
10 1
3 64
8 76
3 90
5 72
4 95
8 30
5 57
2 42
1 85
3 83
9 49
10 55
8 28
1 74
4 80
8 64
4 6
6 74
10 52
9 53
9 43
6 20
4 36
2 81
6 90
8 34
5 60
2 76
7 100
2 53
7 68
10 92
5 8
4 8
5 19
5 16
9 27
6 92
7 77
10 10
3 12
3 58
8 56
1 10
5 18
9 83
4 26
4 0
4 46
9 83
5 9
6 4
10 70
6 9
3 13
7 35
1 79
7 5
8 5
3 76
1 46
5 12
3 21
3 86
8 25
6 75
9 42
8 78
4 8
8 71
8 71
1 76
6 35
2 66
10 3
7 62
8 60
10 32
5 1
1 10
3 88
10 36
8 60
3 90
2 95
7 69
3 23
2 100
7 47
2 79
9 43
2 41
4 95
10 14
1 14
3 98
8 16
8 49
1 69
8 44
6 4
3 4
2 56
2 18
4 39
9 63
1 46
10 43
6 98
1 75
5 94
10 99
10 92
7 18
2 57
7 89
3 42
2 0
10 42
6 63
4 30
2 28
3 87
10 23
8 7
2 8
6 52
9 41
2 62
9 71
10 72
5 85
7 20
4 5
1 82
9 81
10 88
4 58
1 80
8 27
2 83
10 56
10 4
6 88
1 66
2 35
6 5
4 26
4 75
9 92
8 46
6 78
8 37
10 86
2 34
8 80
5 100
9 9
9 30
7 69
10 42
3 42
9 8
2 33
10 41
6 60
9 93
2 7
10 75
6 36
7 65
3 71
4 60
1 12
5 68
1 40
2 66
5 4
4 53
6 88
8 74
6 19
3 0
10 38
4 0
3 49
10 46
7 26
7 85
10 56
6 25
6 22
2 100
7 78
3 94
6 33
5 100
6 85
3 87
2 90
1 48
4 82
5 97
5 36
10 25
8 58
6 40
4 30
8 23
10 4
1 72
9 36
10 21
4 35
4 19
5 94
9 31
8 86
10 37
4 61
1 87
9 13
4 98
6 62
1 32
2 59
7 76
3 8
1 27
7 58
7 74
2 84
8 0
2 88
5 10
1 32
1 16
2 67
4 84
10 50
5 3
4 56
5 29
4 11
8 85
3 22
6 30
6 59
5 10
5 22
4 19
2 8
4 55
3 100
7 0
7 74
1 8
3 17
8 71
10 82
8 24
6 26
7 88
1 55
1 38
2 97
8 6
5 49
3 16
6 13
10 7
6 7
2 18
8 75
6 89
5 51
2 88
1 93
8 53
3 81
2 17
8 81
5 60
2 21
6 46
6 52
4 20
9 26
3 61
4 100
2 31
7 5
10 18
1 44
10 97
3 9
1 7
7 29
2 34
8 52
3 91
7 22
2 82
6 72
7 62
4 63
9 21
4 47
10 54
5 9
8 30
5 4
8 45
9 75
1 14
10 47
9 99
5 65
10 77
3 57
7 62
4 94
1 6
3 37
7 80
10 87
1 10
5 3
2 77
9 62
10 24
5 88
10 45
2 59
1 50
7 79
10 20
3 87
6 98
10 97
5 92
1 12
8 47
4 53
4 78
1 80
7 61
6 0
10 28
1 11
8 73
4 88
2 87
9 98
3 31
10 26
6 4
6 99
1 66
7 69
5 66
10 39
3 22
10 15
3 17
2 89
1 75
1 91
7 78
9 9
10 55
8 57
5 13
2 66
9 7
9 37
5 69
3 10
8 19
5 57
1 58
3 51
5 14
4 95
2 37
8 80
4 66
2 76
2 62
6 26
4 58
9 89
7 35
1 35
5 54
8 90
1 83
1 66
7 79
5 30
10 3
3 1
3 56
5 80
7 6
5 89
10 35
6 68
8 42
10 24
8 66
10 46
7 48
3 84
9 71
4 27
4 100
4 7
9 2
2 37
1 63
2 90
9 68
5 93
10 28
10 21
8 43
5 38
3 95
10 57
4 19
3 65
7 5
2 61
7 49
3 8
2 55
2 9
4 24
1 7
8 99
4 41
3 87
6 82
1 36
5 2
3 54
3 62
7 98
10 6
9 76
2 30
9 24
9 68
6 10
6 38
10 21
8 78
2 69
5 7
8 100
8 30
8 27
8 81
5 72
6 3
5 84
7 38
3 36
9 49
7 86
3 96
9 5
3 38
2 80
5 45
6 85
8 12
1 61
6 17
2 67
7 30
5 56
8 83
3 92
6 9
3 3
3 39
10 14
3 11
6 89
4 17
1 66
6 37
1 91
3 45
8 26
7 91
7 11
7 19
6 64
9 4
5 42
1 6
10 86
5 7
4 56
2 78
7 100
2 1
7 78
1 4
8 39
6 98
10 65
5 29
8 95
5 95
3 38
9 12
9 72
3 95
7 75
1 47
10 100
5 43
4 31
4 14
10 18
10 51
4 85
9 36
4 79
6 47
2 17
1 24
6 17
5 65
9 33
3 2
9 75
7 87
3 63
9 97
9 13
7 13
2 90
5 29
4 77
1 94
3 68
6 67
2 51
3 3
1 80
1 39
7 96
7 77
1 36
1 37
5 77
9 19
3 98
4 68
4 76
9 4
7 3
8 70
2 21
8 47
2 28
3 2
1 3
1 20
8 96
2 36
4 31
9 47
6 42
6 33
9 25
7 44
6 81
9 65
5 41
10 26
8 95
3 55
5 21
9 26
3 22
8 90
6 42
3 26
7 35
8 91
9 40
2 27
3 65
7 68
1 3
6 99
2 63
7 100
9 76
1 69
9 48
6 34
2 7
8 57
4 34
1 36
5 55
8 20
1 17
3 78
7 78
2 100
7 14
8 77
2 95
10 50
2 9
4 61
7 91
2 77
8 6
2 30
1 59
10 5
5 16
5 89
5 89
1 65
7 66
8 56
4 29
5 7
10 66
8 58
2 75
8 76
1 51
6 93
5 6
3 99
7 35
7 21
5 80
1 51
10 3
1 65
7 8
2 1
4 67
2 20
8 85
5 23
4 39
9 49
6 24
10 81
6 76
2 44
7 9
7 20
7 8
8 49
9 82
4 20
10 94
4 35
9 65
4 65
8 26
4 27
7 12
2 73
5 3
10 30
10 4
6 83
6 64
8 62
9 47
6 23
5 21
1 12
7 33
10 48
5 63
5 1
5 54
2 76
3 46
10 49
7 44
7 11
1 35
3 87
6 90
5 47
8 97
6 84
4 45
7 16
2 98
6 26
9 80
9 51
3 68
9 24
5 68
4 0
1 78
9 31
7 81
3 81
9 93
1 37
8 63
8 92
7 13
3 18
8 41
8 45
5 44
10 30
3 97
8 91
1 67
5 36
10 94
3 61
8 32
6 22
9 70
3 0
9 82
7 24
3 0
10 55
3 10
3 47
9 41
4 45
8 20
6 23
7 80
7 0
10 72
6 78
2 24
1 35
8 6
5 6
10 36
1 24
8 72
2 56
8 86
9 80
5 67
3 55
6 75
8 40
9 68
2 40
7 64
10 88
5 70
10 32
10 89
1 48
8 62
6 59
2 24
4 58
4 15
5 93
2 88
1 31
10 25
10 27
7 88
4 45
7 11
1 70
8 5
5 29
7 51
8 24
5 67
4 36
9 38
3 48
2 5
7 15
6 35
4 39
5 5
10 9
7 55
2 21
7 88
3 76
4 71
6 63
2 7
3 11
10 7
6 87
3 88
3 49
7 91
5 85
3 79
4 60
8 55
8 36
2 24
9 12
9 7
8 96
8 15
4 83
5 40
6 36
2 46
5 88
9 4
5 33
9 19
1 44
5 77
10 87
4 70
2 50
5 43
7 87
1 29
3 14
1 11
3 28
3 31
8 55
4 99
7 61
1 43
2 77
4 23
5 56
1 44
5 38
4 96
7 27
9 78
2 75
7 96
6 14
1 63
3 32
9 87
4 3
8 14
4 84
4 24
4 57
1 90
10 0
2 39
8 20
4 77
3 59
7 67
5 39
7 61
7 82
9 60
1 15
9 67
3 43
3 93
7 86
4 47
6 30
7 78
7 87
1 90
6 77
6 74
3 68
2 39
10 19
8 62
1 23
4 54
8 37
7 43
1 91
2 13
2 84
6 66
5 95
4 13
7 79
2 13
7 35
8 54
5 28
3 55
6 16
7 14
9 99
6 59
9 0
8 26
5 54
4 83
2 24
9 12
5 84
1 52
1 91
7 42
2 55
8 93
5 29
3 11
7 39
4 74
6 39
4 30
3 61
4 40
6 25
5 82
10 78
4 59
3 77
9 18
3 25
1 1
4 79
4 40
3 77
9 87
2 23
7 6
3 42
5 52
6 78
5 53
7 66
5 17
4 68
5 19
5 84
3 3
3 47
8 80
4 85
7 26
8 62
2 26
4 77
8 85
7 50
8 15
1 79
4 28
1 58
9 91
7 42
9 47
10 70
7 60
2 88
4 24
3 19
4 49
7 9
1 34
9 21
3 20
7 72
4 58
7 2
9 48
3 59
8 37
10 54
4 94
8 76
8 58
5 42
10 11
4 96
3 13
1 25
2 78
8 70
7 33
4 50
10 6
9 4
1 37
8 43
6 62
4 7
2 52
1 44
5 29
4 68
4 23
9 28
4 92
10 95
6 49
8 91
10 25
8 77
7 71
6 73
4 42
2 91
5 2
10 25
6 37
6 63
10 31
2 3
1 65
2 87
2 27
8 6
8 10
1 54
4 43
10 94
8 23
5 49
8 73
9 38
9 83
2 7
1 30
8 86
1 69
6 22
8 78
4 34
6 24
3 82
8 84
3 33
1 41
2 36
3 54
3 0
1 54
10 66
6 51
8 34
4 16
9 43
4 71
5 60
4 29
7 92
10 60
2 28
6 1
2 7
7 96
8 0
5 95
6 79
2 47
6 63
1 80
1 1
1 72
3 19
10 54
1 28
9 63
8 30
10 33
3 21
2 13
1 42
7 2
5 23
8 28
8 26
1 96
1 31
1 27
4 51
1 82
4 33
4 58
7 11
1 75
10 97
1 18
9 76
4 80
4 46
3 70
6 64
8 6
9 9
4 30
1 90
10 52
4 40
2 3
1 76
5 40
1 4
6 5
2 53
6 90
6 13
6 32
8 56
9 100
6 37
6 0
3 17
9 25
9 82
2 25
4 84
8 29
2 42
6 46
6 35
2 55
6 67
7 97
5 95
8 10
2 76
9 53
8 100
2 56
7 23
7 100
9 46
4 79
9 87
5 62
6 6
6 46
10 10
1 39
5 26
5 73
10 68
1 88
8 95
9 98
4 39
3 17
4 1
9 45
8 98
9 95
2 23
1 47
10 61
10 97
7 37
1 32
2 14
5 85
1 3
9 39
7 91
2 21
3 18
4 44
8 20
3 95
9 78
5 12
3 86
2 95
3 16
2 50
4 2
6 12
6 89
7 18
3 47
10 12
1 9
8 3
8 16
8 93
1 28
4 55
6 25
2 61
1 8
8 8
9 12
6 14
4 2
7 27
8 93
4 17
10 20
7 18
1 67
8 81
2 59
7 69
3 50
2 77
5 100
1 7
4 42
6 98
1 8
10 89
7 57
9 65
2 2
6 25
10 2
5 87
3 53
4 78
2 99
10 34
9 91
2 43
4 19
4 35
9 36
5 36
1 14
5 5
5 70
9 67
1 57
1 67
5 70
10 3
8 36
8 58
6 67
7 96
2 10
3 13
9 44
4 5
2 41
4 62
5 40
4 44
9 60
10 73
9 70
10 77
5 21
1 65
6 21
10 87
6 71
7 50
7 9
8 32
1 0
9 53
4 1
5 31
1 62
2 53
3 29
5 37
9 61
2 9
1 42
3 63
7 23
10 1
1 89
8 54
1 12
3 44
9 70
4 32
8 25
7 25
6 20
3 49
5 40
5 35
3 56
8 78
4 22
8 11
6 64
3 27
2 46
8 22
5 10
2 88
5 44
7 55
5 31
7 25
1 61
6 39
5 31
8 91
8 67
5 41
10 67
8 13
5 67
6 99
6 53
4 31
8 10
10 15
9 30
7 73
10 79
2 38
9 9
5 64
9 91
10 72
10 74
10 35
7 28
1 45
6 66
3 53
4 94
2 20
1 65
1 82
8 14
3 59
8 55
4 40
1 30
6 8
2 18
8 48
9 39
4 6
2 25
4 50
6 14
1 89
2 9
7 81
6 97
4 98
6 93
1 85
4 69
9 34
2 40
10 59
2 55
2 80
3 59
3 19
8 31
4 30
2 57
10 8
3 20
4 4
8 0
6 82
3 7
7 95
6 19
3 19
8 4
8 20
6 16
5 24
6 67
1 82
4 56
10 100
10 64
4 21
10 89
6 68
2 21
1 14
10 24
9 23
3 1
5 97
4 2
3 88
8 32
6 3
3 68
4 40
6 52
2 49
3 42
2 28
9 43
9 3
2 29
4 1
3 9
4 9
8 73
10 65
4 76
2 6
2 38
7 50
2 95
6 75
10 11
9 18
2 61
1 50
4 78
4 35
8 67
1 10
10 48
1 0
7 24
4 34
3 92
10 39
6 2
3 85
1 46
4 71
6 43
2 42
10 89
8 8
3 94
5 0
3 43
7 94
6 69
5 46
2 41
6 49
8 79
1 98
3 63
3 83
1 51
3 63
6 65
3 48
10 44
6 5
9 83
8 84
9 26
6 97
3 25
3 89
6 27
4 76
7 73
1 79
5 34
1 80
7 96
1 54
4 67
4 10
5 71
4 77
7 63
9 63
10 69
8 2
8 86
3 3
6 89
10 51
6 76
4 46
8 82
9 61
8 82
2 82
2 6
9 75
2 1
3 94
3 37
6 44
7 84
3 15
7 74
5 88
1 30
2 76
6 82
2 6
7 51
7 92
6 21
9 26
8 47
10 59
3 0
7 42
10 47
3 9
6 10
9 4
4 33
3 15
2 35
4 81
8 77
4 30
10 64
8 11
10 74
6 10
10 15
8 57
6 42
7 19
6 10
2 60
6 27
3 88
4 98
3 82
3 71
3 10
8 21
6 58
8 77
7 11
6 54
2 67
10 88
7 10
8 48
5 96
8 29
7 27
1 10
1 66
7 79
5 36
3 24
4 65
8 6
3 45
8 78
5 49
8 73
10 23
5 72
5 8
6 92
3 81
8 35
3 4
4 27
9 66
8 22
8 46
5 77
3 77
8 35
3 72
1 42
7 47
6 16
10 3
4 90
7 29
3 100
10 36
10 91
5 2
9 62
4 54
9 22
9 52
6 3
1 42
2 48
1 56
3 37
9 59
5 86
9 21
3 33
6 70
2 1
8 53
10 11
9 29
4 5
6 60
9 94
2 84
1 39
2 91
2 83
8 84
7 100
8 74
3 30
5 77
2 48
9 73
7 33
6 55
8 73
2 91
3 63
10 58
8 63
9 32
7 79
7 30
9 39
1 87
2 38
4 45
3 2
10 59
4 72
9 7
5 24
8 97
3 81
9 61
4 25
3 98
9 9
9 97
1 19
7 74
2 87
3 82
2 72
7 33
1 39
9 29
6 46
5 44
3 90
9 31
4 9
6 41
2 94
8 62
4 98
4 41
7 68
1 9
8 70
5 37
5 69
10 86
1 75
7 69
3 68
6 28
5 90
10 4
4 43
8 33
6 51
3 69
2 88
2 55
3 66
9 30
6 63
3 75
3 3
8 4
5 11
8 67
5 86
10 26
1 95
3 75
10 35
5 19
7 34
1 77
6 28
8 46
8 31
5 4
5 81
9 8
3 33
4 9
7 73
4 73
5 21
10 29
5 3
10 68
7 29
3 78
5 25
6 79
5 48
6 85
10 6
4 57
8 6
9 46
9 59
5 48
4 32
3 20
6 7
10 72
10 40
7 19
4 89
7 10
5 78
4 23
1 56
3 14
5 24
9 41
6 13
4 16
1 89
1 42
5 22
2 40
5 21
1 8
10 62
9 78
1 70
5 10
9 78
10 71
3 7
6 30
2 62
3 21
3 48
2 26
3 48
9 17
4 72
2 20
5 69
6 57
7 7
7 22
1 24
5 67
3 78
1 57
5 80
1 96
5 22
9 51
4 17
2 51
8 63
3 93
5 69
10 61
6 6
4 1
6 5
10 20
4 88
6 77
1 99
5 67
8 20
4 48
1 6
1 65
1 31
10 60
3 0
4 80
2 14
5 10
6 37
6 30
9 72
1 85
8 6
6 97
9 61
5 7
1 0
5 25
5 77
4 63
3 97
6 67
2 7
4 50
7 28
1 37
5 52
10 34
7 41
7 100
4 96
8 38
3 97
1 70
2 92
1 16
8 31
10 97
5 26
8 13
4 57
1 17
4 8
2 86
7 87
8 35
6 30
8 64
4 86
6 34
7 68
2 37
5 49
7 55
6 28
2 3
3 19
2 75
10 32
8 61
6 43
10 64
9 85
3 55
7 27
3 22
6 46
9 60
6 68
3 27
7 1
7 55
5 20
6 39
3 64
3 4
10 6
10 10
8 56
6 33
2 27
4 85
2 46
2 57
7 18
4 32
3 8
5 83
5 24
7 19
3 74
7 18
9 4
9 95
9 44
1 84
3 87
1 78
5 64
1 98
6 92
7 85
4 24
5 10
3 38
8 26
3 89
4 69
8 85
2 65
7 74
7 83
6 31
6 76
4 63
8 9
9 50
9 98
9 68
6 37
4 56
8 14
3 84
6 72
1 79
8 91
8 63
1 33
1 33
10 38
4 16
9 74
3 62
3 47
2 57
7 54
10 17
8 78
3 18
10 99
9 43
8 54
8 64
4 27
10 46
7 96
6 20
2 96
6 92
9 50
6 8
9 96
6 6
10 8
4 0
10 11
9 76
2 78
10 82
1 18
2 82
6 9
9 62
8 31
4 7
5 25
9 7
5 95
2 50
5 91
9 47
9 27
8 67
1 16
2 28
3 13
10 5
3 63
3 8
4 100
7 39
9 88
4 39
2 62
2 67
5 4
9 0
2 4
6 11
7 13
8 79
2 69
5 23
2 68
4 41
5 8
1 20
8 92
8 69
1 0
7 8
4 55
2 72
7 87
9 32
9 31
9 6
5 37
7 53
7 9
8 88
10 32
7 28
6 9
10 21
2 32
9 96
3 71
8 74
5 37
4 71
2 56
2 61
9 65
3 75
1 85
7 43
6 69
5 86
5 49
3 96
3 70
9 14
7 96
10 69
5 33
10 67
8 79
1 0
7 40
10 90
7 58
8 14
3 73
8 92
6 24
9 53
5 3
1 61
1 47
7 83
2 76
9 82
1 91
9 40
9 95
10 84
1 9
4 28
10 84
7 95
4 58
4 6
9 68
10 15
3 16
7 71
8 97
2 12
5 62
9 92
6 5
1 45
4 78
10 84
9 34
6 0
4 81
2 84
1 83
9 64
4 40
6 66
1 43
9 12
5 27
2 84
7 61
2 35
10 53
2 5
7 55
2 52
10 98
2 44
2 40
6 84
4 95
1 98
8 5
3 60
8 64
5 48
1 31
7 7
1 23
8 24
2 52
2 78
5 80
2 47
10 29
7 93
6 58
5 42
6 96
8 66
4 1
4 40
1 93
6 1
7 47
9 11
1 35
7 70
2 19
9 68
2 15
8 4
6 27
9 48
4 39
10 99
9 87
1 13
3 90
6 85
8 69
2 88
6 100
7 51
8 6
5 23
5 30
1 22
10 78
5 65
9 90
2 54
9 32
6 46
4 29
6 42
4 90
5 2
6 46
4 52
2 72
4 4
2 33
4 16
3 99
2 49
4 82
7 78
5 0
4 94
10 58
7 47
1 61
1 44
7 96
1 41
4 42
9 80
2 25
3 59
1 60
6 63
8 100
4 67
2 72
2 53
4 54
9 1
4 37
2 80
4 69
10 78
6 63
10 60
4 14
4 95
1 78
5 52
3 34
3 93
7 76
3 22
2 25
9 100
6 89
6 91
5 2
1 25
10 49
9 16
3 66
9 98
9 80
6 36
6 2
2 30
5 73
4 78
4 50
9 52
3 24
10 50
6 80
5 49
7 63
7 24
6 98
1 89
4 38
1 7
5 96
8 19
8 16
8 87
2 7
1 50
9 58
1 40
10 84
8 64
8 92
8 74
1 31
4 50
1 76
8 75
5 48
5 81
1 47
3 34
2 61
6 76
10 33
1 75
7 49
1 55
7 60
6 38
6 42
8 2
1 1
5 4
9 26
5 73
10 23
1 40
1 66
10 96
8 71
7 45
1 26
9 2
6 54
8 47
6 18
8 99
2 69
4 14
10 21
8 86
8 89
5 56
5 15
5 19
5 47
6 71
7 84
3 93
9 89
5 2
5 49
8 94
6 36
9 75
9 88
5 0
10 99
2 31
6 25
9 76
10 20
1 27
7 57
6 100
5 74
8 79
2 19
4 46
3 85
9 73
4 50
4 31
1 95
10 64
9 87
6 23
2 79
8 46
1 63
10 12
4 37
4 17
7 2
8 40
8 98
8 26
2 72
9 68
9 60
7 32
3 61
3 0
10 70
5 59
4 13
4 63
7 9
6 41
10 83
1 56
8 59
7 34
7 80
9 66
5 100
8 63
9 7
7 17
3 72
5 76
4 10
9 21
3 31
4 31
2 95
1 65
1 40
3 70
1 7
3 27
9 95
9 88
2 39
5 41
2 73
10 59
2 51
9 97
8 91
8 95
4 70
4 25
2 32
7 52
4 13
8 61
6 96
2 95
8 23
4 93
6 92
6 82
3 65
7 51
5 74
3 74
6 39
2 62
5 95
3 37
10 10
5 7
8 47
1 90
1 7
8 38
3 74
6 3
2 41
10 3
3 3
4 81
1 21
7 50
7 64
4 55
10 88
6 87
2 26
1 38
7 66
1 56
9 8
6 87
6 77
4 80
5 99
2 99
2 25
9 38
6 77
1 63
4 17
5 37
7 83
7 60
3 66
7 24
4 48
9 82
9 5
10 12
9 39
1 26
2 55
7 49
10 81
5 3
2 58
4 34
2 46
7 36
3 74
8 9
7 81
7 91
10 22
9 23
10 37
5 2
7 58
5 83
3 5
4 80
3 85
9 82
5 67
1 80
1 41
5 40
3 52
5 6
6 55
5 16
5 97
4 53
6 9
8 19
7 89
1 79
1 47
1 10
1 94
7 5
3 75
8 100
4 49
3 84
10 26
3 29
2 28
2 64
10 26
4 50
3 4
7 94
8 95
9 54
8 96
4 64
10 90
2 76
3 19
6 35
10 45
5 14
7 18
6 58
5 60
8 6
4 74
5 40
5 53
1 94
1 0
10 88
7 56
8 67
3 15
4 2
6 34
5 72
8 50
9 65
2 70
10 66
2 49
4 12
1 66
1 27
2 99
4 13
4 84
2 86
4 11
2 82
6 54
2 67
1 27
7 9
1 67
4 52
10 29
1 87
4 96
9 86
7 82
2 40
6 74
6 88
9 52
5 50
1 21
8 63
6 26
4 85
2 53
5 63
7 97
10 44
8 90
2 25
9 0
7 44
1 34
4 41
4 43
10 2
2 2
8 22
4 49
6 39
5 22
5 27
4 64
1 86
2 17
6 65
4 6
7 97
2 97
10 26
1 47
5 54
9 29
6 25
7 28
4 81
4 10
4 45
6 69
4 75
1 36
8 3
8 58
6 80
7 20
10 50
4 53
1 36
7 72
2 56
2 99
6 61
9 13
9 66
2 63
2 27
5 35
5 82
10 89
2 17
6 2
4 1
5 34
7 81
7 14
4 36
6 19
9 62
6 75
5 82
4 13
3 63
6 79
4 84
1 89
10 44
6 56
9 52
8 42
7 38
8 7
3 87
6 97
10 79
3 83
1 53
1 94
10 45
1 51
9 70
10 31
10 42
10 57
9 32
1 40
4 37
10 15
6 88
6 33
6 53
10 43
1 56
10 67
1 64
3 80
10 57
5 8
7 29
3 3
8 47
9 32
6 44
5 87
1 16
9 64
4 14
6 71
2 72
6 52
6 62
2 76
5 50
5 48
4 10
1 0
3 35
6 10
3 44
1 86
3 48
5 91
7 1
6 32
10 6
6 54
2 73
10 85
10 87
7 75
1 10
8 56
3 52
7 77
7 93
1 23
8 22
2 68
9 78
8 97
2 8
7 20
4 25
5 81
7 3
3 32
2 9
8 10
9 14
3 89
6 15
2 41
3 14
1 52
6 21
1 65
2 73
2 97
3 64
10 81
4 84
3 24
4 80
4 71
3 62
1 10
1 30
5 85
8 31
5 26
3 3
2 18
8 92
4 87
4 16
1 65
7 55
6 98
7 64
8 94
4 8
4 45
9 11
10 35
1 54
6 27
3 79
1 24
6 14
2 94
3 51
6 84
5 42
2 79
1 72
8 90
1 16
6 94
2 34
2 43
4 88
10 93
7 66
3 78
6 35
3 35
9 83
4 90
6 100
9 52
8 58
4 38
4 26
3 24
1 15
7 64
2 71
6 75
4 19
10 62
3 61
7 8
1 94
7 90
5 76
4 28
4 75
9 42
2 10
6 8
2 31
6 31
4 9
7 86
7 18
2 1
5 1
6 84
5 69
3 46
1 68
1 39
2 7
1 79
6 75
4 7
3 42
7 14
6 12
10 68
3 0
5 0
6 96
7 47
1 56
5 54
4 38
3 29
8 47
2 41
3 1
2 93
8 76
5 95
8 12
6 18
6 37
10 26
9 83
8 10
3 12
5 50
9 47
3 38
4 47
1 16
8 85
2 49
5 32
3 22
10 69
9 2
10 100
5 19
9 56
3 28
5 2
3 81
8 23
4 50
5 27
8 86
4 33
1 81
7 58
2 8
3 5
6 50
3 60
4 91
3 13
3 45
8 21
1 56
4 61
6 16
10 30
7 46
6 73
7 29
5 19
6 75
5 97
2 69
8 4
8 67
5 6
4 84
1 57
4 55
5 27
1 7
1 44
1 13
6 75
1 9
6 12
8 57
6 44
7 48
4 95
4 3
9 69
8 0
8 92
6 54
3 89
10 73
9 67
2 51
7 74
3 83
9 10
5 19
5 38
8 61
9 62
5 90
7 66
3 13
8 12
9 82
5 79
1 41
5 56
4 77
1 78
2 28
10 81
3 92
8 20
10 16
2 37
1 27
9 6
1 11
4 58
7 75
5 75
5 80
9 93
1 11
2 17
3 28
4 91
7 92
10 89
7 52
3 27
8 43
9 53
6 94
7 23
4 59
9 33
6 55
5 5
7 22
9 22
6 66
7 2
4 28
10 37
7 46
9 34
3 38
2 39
7 30
6 13
1 29
3 17
6 3
2 43
10 0
9 25
2 65
10 49
5 18
5 2
8 78
10 98
2 0
9 18
7 30
5 14
2 9
10 72
5 58
3 49
7 74
2 27
1 71
4 62
3 28
6 86
8 67
8 66
7 42
2 56
9 82
4 32
7 21
9 75
5 9
4 35
5 2
1 67
3 24
10 81
5 100
9 11
4 43
5 21
7 51
7 84
5 67
10 24
8 15
4 39
9 72
2 20
1 37
6 92
2 59
4 94
5 50
9 93
9 32
1 74
10 75
10 9
1 28
2 84
10 23
2 95
8 75
1 85
5 69
6 61
4 54
1 90
8 41
4 78
10 76
6 24
8 48
10 83
1 27
5 30
9 37
4 7
1 26
5 91
10 10
5 33
5 71
2 8
7 96
7 83
6 84
7 1
4 8
1 91
3 2
2 49
7 4
10 26
8 75
1 96
5 80
9 30
10 83
5 72
9 55
8 96
7 95
2 99
1 53
2 11
6 39
9 17
2 28
2 93
3 30
9 37
6 86
5 96
6 7
1 18
9 69
8 26
4 10
9 90
3 54
7 65
9 41
4 8
9 83
7 88
4 67
7 59
10 7
1 6
9 69
7 88
8 44
2 54
1 67
8 82
7 89
6 84
7 39
3 18
10 38
4 59
8 9
7 43
10 8
5 93
7 15
3 46
5 52
5 78
4 62
4 75
3 32
9 57
10 39
2 32
3 87
5 29
3 63
10 2
8 13
5 49
10 99
6 97
2 12
7 85
3 27
1 36
3 53
4 79
2 76
5 79
1 87
9 68
3 16
10 37
6 85
6 26
2 48
9 75
9 89
1 55
2 51
8 81
10 64
6 70
1 98
3 39
10 94
4 19
5 99
9 53
6 65
10 39
4 14
9 71
8 87
5 54
6 26
10 29
3 62
9 14
3 13
9 24
4 24
6 74
1 70
10 65
3 31
5 69
5 53
9 54
8 48
2 57
1 8
1 74
4 3
7 86
10 83
5 96
4 58
3 66
3 52
6 37
10 22
10 1
4 19
4 61
6 32
9 100
4 40
4 54
6 38
3 40
4 64
8 100
1 87
4 78
10 22
9 67
9 84
10 70
8 9
4 62
1 73
10 39
8 81
8 27
3 70
7 90
4 91
2 5
10 92
5 21
4 84
1 91
5 71
3 73
5 81
3 33
9 49
1 71
10 63
8 100
9 81
4 89
9 1
1 11
7 87
4 60
7 4
7 16
4 33
7 59
7 97
1 18
2 76
6 38
2 35
5 46
10 33
1 91
2 100
5 17
6 46
1 17
5 19
9 20
6 0
6 5
10 29
8 0
10 93
9 32
4 43
1 30
2 55
6 46
6 76
8 8
2 73
4 12
9 56
9 63
10 8
10 68
7 13
5 30
3 30
10 48
9 3
3 4
4 18
9 83
8 100
9 12
3 32
3 29
6 36
3 38
6 72
2 83
7 38
4 4
7 31
1 85
9 22
8 43
9 7
9 22
5 28
7 25
6 85
1 53
7 92
4 37
7 36
10 77
9 64
6 72
9 76
10 77
8 89
2 32
3 22
5 80
7 83
4 40
9 53
9 27
3 13
3 21
7 34
2 89
6 20
2 31
3 12
4 91
3 13
7 87
2 91
3 84
9 46
4 78
5 88
1 83
5 22
8 26
8 51
8 12
3 85
2 81
2 63
7 47
1 78
4 20
9 12
4 2
6 46
10 95
9 11
6 76
2 97
4 18
8 74
3 15
6 72
8 27
2 43
3 16
7 19
3 55
10 12
2 93
2 95
10 98
4 0
8 5
8 35
5 28
7 92
3 20
7 24
6 89
8 9
9 99
8 62
4 78
8 57
6 63
4 75
9 92
6 55
2 74
1 87
3 100
3 81
2 15
5 76
7 80
6 85
9 64
3 77
1 13
3 15
7 22
8 64
8 24
7 17
7 77
2 42
2 93
6 91
2 48
4 22
3 78
3 6
3 28
5 63
10 50
8 20
3 99
2 46
9 36
5 83
6 69
2 88
5 36
10 7
6 65
9 26
6 44
7 77
8 36
8 57
6 71
7 83
6 98
3 87
3 41
2 1
5 17
10 7
2 92
5 39
10 32
7 64
8 46
4 61
8 66
4 3
2 30
1 76
3 95
1 47
7 34
5 21
7 45
10 44
4 82
8 40
3 46
7 4
1 56
7 95
2 21
9 55
7 49
6 62
10 63
9 69
7 69
3 33
10 21
9 74
3 42
9 87
9 6
8 93
2 0
3 8
5 42
7 60
4 56
10 88
1 6
7 56
3 76
10 1
9 2
10 28
6 2
10 70
4 78
1 83
5 29
4 10
5 79
1 73
5 23
2 100
9 0
3 50
8 60
4 47
5 98
3 16
4 68
2 12
5 71
4 90
5 59
9 55
9 42
3 11
10 36
8 63
10 42
7 32
2 7
8 11
4 83
4 28
6 59
7 75
4 9
2 66
7 50
5 8
6 91
6 24
1 18
8 62
10 0
10 23
2 11
5 5
9 13
10 37
4 66
10 84
10 43
3 62
5 4
6 25
8 18
10 58
9 21
4 16
1 98
3 87
10 4
9 99
4 6
9 93
8 54
2 0
3 61
10 92
2 30
1 19
1 1
1 100
5 61
2 29
7 83
10 1
2 90
5 91
4 64
3 73
2 40
2 35
9 0
2 86
3 2
2 61
2 76
7 47
1 71
8 81
3 24
9 43
2 7
10 72
10 65
7 82
3 15
2 1
8 79
1 39
7 13
4 79
5 74
6 61
7 45
10 12
3 83
7 93
7 81
5 65
2 29
7 18
3 54
3 68
1 74
10 12
5 17
10 64
8 0
6 16
10 57
3 11
1 16
9 72
9 62
10 65
2 62
10 38
3 77
9 54
2 67
10 39
5 49
9 69
8 9
5 3
6 100
5 60
5 16
7 75
4 42
2 63
6 97
2 59
3 60
1 45
1 8
9 35
4 0
6 25
3 60
2 22
3 61
6 50
8 34
10 15
1 95
5 82
6 90
2 69
6 80
4 7
2 54
9 70
3 47
6 74
3 37
9 28
9 17
6 5
7 80
6 22
5 45
7 95
8 70
4 35
6 24
4 93
6 40
6 76
9 37
1 60
9 10
8 28
6 60
4 38
4 55
1 55
7 48
6 56
4 100
3 92
5 94
5 44
5 77
6 54
8 0
3 59
5 2
9 44
5 83
3 38
8 56
5 51
5 67
6 40
5 23
9 57
10 64
2 86
1 83
8 41
5 23
1 66
6 57
9 42
7 77
5 25
8 64
2 39
2 0
5 88
3 1
8 16
5 52
8 99
6 77
3 67
4 30
3 47
4 13
9 94
3 50
3 13
4 44
4 82
4 70
8 77
9 82
5 4
1 60
9 11
2 19
9 17
9 58
5 20
6 0
5 34
6 11
5 6
10 16
9 80
4 67
10 73
7 13
8 37
2 26
8 54
8 47
5 38
6 72
7 56
3 33
2 45
4 56
3 6
8 18
7 11
5 80
3 50
10 10
6 0
9 71
2 10
5 73
2 2
2 14
3 78
5 10
7 36
1 3
10 31
2 27
9 94
2 87
7 18
6 24
6 36
5 13
1 5
3 73
7 64
9 67
10 80
1 37
4 92
1 47
6 39
10 43
3 43
7 77
1 85
7 89
4 61
3 19
10 98
4 35
6 94
6 40
4 66
2 30
4 15
8 61
2 14
10 9
7 32
3 37
6 46
1 47
3 100
3 51
7 2
1 91
7 32
3 30
4 44
7 25
5 21
3 92
9 17
9 96
9 29
1 50
10 54
5 44
3 96
6 12
10 81
4 69
2 94
6 61
9 50
6 51
10 32
10 35
7 33
8 78
6 87
8 33
9 26
3 72
3 17
1 38
6 30
3 90
1 82
10 12
3 3
4 83
8 71
8 39
5 56
2 7
2 93
5 87
9 99
10 47
1 62
2 91
5 6
2 4
1 67
4 36
10 49
3 72
8 7
3 1
1 16
10 40
2 10
5 22
8 44
8 30
3 96
6 3
9 92
10 33
2 89
9 37
5 82
9 48
1 95
3 75
4 80
7 44
2 22
5 53
10 39
1 53
5 78
4 52
5 50
5 92
10 60
7 74
4 37
10 24
2 76
2 56
6 13
4 61
5 65
5 52
4 48
4 74
9 56
9 89
2 14
5 54
3 3
10 5
7 6
9 31
4 90
9 77
10 37
7 95
5 1
10 56
6 71
6 49
1 32
9 26
10 0
10 37
5 45
5 100
4 80
6 65
6 72
5 6
4 33
2 10
10 50
7 86
6 83
2 89
2 59
5 95
1 37
2 4
9 98
4 57
5 26
2 8
4 96
9 89
4 23
8 2
5 32
9 28
10 52
8 37
4 92
6 43
1 90
3 56
5 91
4 74
6 9
8 35
5 70
1 57
5 61
3 64
6 33
9 18
9 26
3 62
9 90
10 75
3 50
5 22
10 61
7 10
5 76
3 98
4 58
9 29
8 57
9 15
8 58
7 27
1 82
5 100
3 55
5 61
3 20
1 96
4 59
2 84
10 17
6 52
7 85
10 53
1 0
7 49
1 60
4 42
5 56
8 72
6 19
1 79
2 98
10 43
5 31
2 39
3 69
5 46
8 96
10 95
4 18
9 24
10 35
2 34
3 54
4 4
1 9
6 15
3 22
8 19
9 54
8 92
7 78
8 7
8 81
2 98
3 12
1 60
6 48
5 6
6 33
8 72
1 53
5 86
9 75
10 48
4 29
1 72
3 11
5 54
4 24
10 56
6 100
10 52
9 11
10 6
10 19
10 66
4 6
5 100
8 24
5 17
4 44
2 25
4 66
2 3
1 46
6 16
7 14
1 7
1 35
6 79
10 93
6 87
10 83
7 32
3 88
10 47
3 95
5 41
9 7
8 50
10 30
7 81
10 93
10 95
4 5
9 34
1 72
3 90
7 43
2 85
3 34
8 17
9 42
4 94
1 63
10 3
2 33
6 79
4 36
7 72
1 0
8 25
4 79
4 37
8 99
8 63
10 89
4 79
5 53
7 15
6 100
1 59
7 45
6 17
9 77
5 37
6 48
2 36
7 42
10 17
1 9
6 58
3 82
2 5
5 62
3 80
9 72
2 80
6 38
3 78
7 24
2 51
7 73
9 40
6 87
3 33
8 31
6 81
9 65
4 50
10 27
10 71
1 11
9 31
10 3
10 8
4 50
7 97
10 7
3 89
6 53
5 93
4 34
10 4
5 56
4 88
4 82
7 23
2 34
1 45
9 87
1 17
6 26
5 98
7 4
2 69
7 73
5 53
10 80
4 71
3 76
4 0
5 26
1 80
9 84
1 38
10 16
1 58
2 39
3 48
6 23
3 25
6 24
5 9
1 53
4 91
7 12
7 18
4 22
3 85
1 73
5 45
5 95
1 82
6 39
7 54
5 64
3 72
3 18
6 1
3 11
7 91
9 21
9 23
2 26
4 95
7 61
1 97
4 20
8 98
5 28
7 54
1 11
1 82
10 46
7 32
7 46
4 56
7 17
2 70
1 51
8 35
8 94
1 74
6 100
2 31
8 28
9 2
2 38
6 10
8 20
10 46
7 12
2 81
1 12
8 20
9 27
4 32
4 13
7 40
5 25
4 21
5 53
6 58
6 76
3 67
3 44
8 79
2 92
6 9
2 99
1 65
6 38
9 25
4 68
5 19
7 63
4 77
1 42
6 82
3 87
10 90
10 91
3 0
3 3
4 58
9 48
1 13
5 47
9 22
4 25
8 89
8 14
10 34
4 25
7 15
10 87
2 96
2 35
9 53
10 90
1 97
9 43
1 5
8 34
7 85
9 62
2 60
7 68
4 34
7 78
7 47
1 18
8 16
2 14
1 49
9 59
4 44
7 8
8 78
1 79
9 74
10 79
6 57
3 3
7 1
5 16
5 57
7 7
4 37
8 28
8 37
2 44
7 46
6 69
2 70
4 82
1 58
6 51
9 13
5 98
3 45
10 62
6 33
4 18
4 96
7 61
10 55
1 82
5 17
3 9
7 41
9 98
6 70
9 21
1 81
7 55
2 54
3 66
2 21
7 29
10 6
1 52
5 94
1 17
6 36
7 47
3 58
9 53
2 24
6 37
4 2
10 8
5 92
7 9
8 52
3 59
1 59
2 75
9 20
7 6
8 81
4 48
2 92
6 18
4 89
1 44
5 77
2 2
2 5
1 87
6 89
10 33
3 77
10 74
8 12
3 34
10 57
6 73
4 69
9 51
6 60
3 42
8 24
1 18
2 99
2 99
10 61
7 70
1 25
8 66
9 17
9 3
2 33
1 13
2 60
5 36
1 37
8 51
7 82
6 27
1 4
9 79
9 80
4 56
2 57
7 38
7 68
2 7
3 79
5 49
3 7
4 13
6 21
2 3
1 7
1 67
9 46
9 60
9 28
3 100
7 91
3 19
9 19
4 40
10 24
5 35
7 38
9 32
5 7
7 37
5 93
9 21
8 28
8 60
4 35
6 65
3 30
6 32
6 59
8 75
8 70
8 67
5 19
1 59
9 99
8 99
10 36
8 11
7 70
7 2
4 3
1 31
3 95
2 61
4 27
7 83
10 65
7 87
5 82
10 77
4 60
8 84
9 72
3 50
1 11
3 11
10 93
5 98
2 23
5 54
7 3
2 3
7 93
8 9
3 45
3 15
3 40
6 74
5 3
7 46
8 64
7 12
8 95
9 35
4 71
8 28
3 20
6 7
9 88
4 75
9 51
1 10
10 5
4 89
7 39
4 43
9 82
8 94
8 15
10 3
6 21
1 61
5 87
4 10
4 61
9 21
2 18
6 69
3 94
3 96
1 67
2 82
3 7
6 80
9 71
5 23
8 91
7 81
1 43
9 77
4 42
2 45
3 80
4 85
8 24
1 92
1 20
10 13
2 28
2 60
4 27
6 98
2 37
1 7
6 16
2 0
3 40
4 30
4 62
4 62
9 40
1 85
3 48
10 46
6 57
9 79
7 93
4 15
9 52
1 74
3 35
10 16
2 23
2 52
5 37
5 44
5 10
3 76
2 91
7 72
5 13
5 39
3 71
3 93
2 58
2 61
5 4
4 40
2 29
4 24
9 74
7 74
6 7
10 47
3 5
8 25
3 63
1 45
6 98
4 39
1 85
1 49
9 72
1 84
2 25
7 12
7 7
8 76
8 71
5 68
6 29
1 28
9 81
2 73
6 13
3 88
6 43
4 61
2 65
7 89
10 22
4 95
7 16
7 86
3 65
8 100
9 65
8 83
2 17
4 80
4 42
3 35
7 15
2 60
2 91
3 25
5 0
2 86
3 23
9 37
8 4
9 69
3 17
9 44
6 14
6 4
9 40
7 42
5 73
8 0
1 94
3 9
1 91
10 37
10 75
3 75
10 25
10 49
9 82
10 56
7 64
3 40
10 4
9 89
8 34
4 26
8 13
8 97
1 62
3 8
10 21
10 44
4 45
6 91
4 50
4 55
10 18
5 94
2 73
1 67
4 54
2 66
9 79
8 85
9 2
8 70
1 8
4 24
5 84
6 93
10 66
6 95
6 21
1 29
7 28
4 63
10 84
7 61
1 18
8 27
1 64
2 5
1 17
10 16
7 79
7 93
4 15
1 13
8 53
3 69
4 23
4 84
3 87
6 25
2 16
5 27
1 40
10 6
8 97
8 61
4 44
6 12
9 65
7 86
9 77
9 33
10 80
1 81
10 47
1 13
7 97
4 11
9 51
1 3
8 37
10 92
7 16
9 30
8 69
8 43
5 17
1 23
8 41
8 76
4 88
4 76
5 86
10 11
6 47
4 96
8 11
7 95
7 30
7 95
1 74
7 72
1 14
8 44
6 72
7 57
4 79
9 7
10 70
4 12
6 0
9 44
10 75
6 80
2 5
5 90
5 68
6 89
7 14
9 58
6 12
7 13
1 56
9 96
10 50
8 25
8 36
4 12
6 26
6 16
1 8
6 62
4 41
8 1
5 9
3 99
3 10
10 37
3 92
3 4
8 8
10 26
7 82
1 37
3 55
2 9
8 57
2 77
3 39
2 47
1 27
4 57
10 100
2 94
5 11
4 23
2 74
9 88
2 43
2 2
3 10
7 13
5 37
5 100
9 19
3 57
7 18
8 63
10 81
5 94
2 83
8 57
2 47
9 53
4 68
4 2
7 99
1 95
10 15
8 74
5 34
8 72
4 17
7 18
10 4
10 46
6 86
2 11
2 5
9 28
4 77
4 5
10 25
3 43
6 64
5 54
1 71
4 92
6 1
4 12
6 33
6 61
8 64
10 42
3 40
1 96
3 43
5 26
4 39
10 4
7 78
2 11
1 61
4 11
8 27
10 9
9 75
1 34
4 58
3 61
4 93
10 2
3 25
1 26
7 61
6 58
4 98
1 10
9 88
4 37
5 13
8 71
9 33
4 30
2 30
4 88
4 65
9 54
10 91
7 84
8 47
4 43
10 20
6 19
9 83
4 27
2 12
5 34
3 36
9 94
10 55
10 99
1 97
1 24
1 15
2 87
10 72
3 75
2 4
8 67
3 45
10 15
10 65
3 10
8 38
8 28
9 62
7 2
7 23
9 5
9 21
9 24
8 85
7 4
1 20
1 90
8 30
9 55
7 6
6 91
4 53
1 27
9 47
1 6
5 28
6 50
2 58
1 45
5 17
3 98
10 82
4 95
4 87
4 28
3 49
8 93
6 68
4 62
6 11
8 65
1 28
2 51
2 50
4 99
8 26
1 34
4 18
1 13
8 53
9 7
1 50
6 89
2 89
2 8
1 44
6 17
7 53
6 52
4 86
7 90
8 67
3 23
4 56
2 3
10 43
7 54
9 16
5 90
10 10
9 52
3 79
5 21
4 8
1 91
4 92
1 55
3 83
9 15
6 5
6 21
6 17
2 96
9 65
1 38
10 44
2 99
7 33
8 32
7 99
4 3
6 49
1 46
8 28
2 76
2 55
3 91
10 90
1 4
6 77
2 48
6 37
1 71
7 86
4 76
6 19
9 27
10 50
7 73
1 55
6 8
1 44
2 63
1 2
3 23
2 0
1 42
2 16
5 62
5 63
4 72
3 5
1 87
3 78
8 9
5 8
4 90
10 23
9 90
7 16
8 54
6 59
6 31
7 35
3 55
9 91
2 68
8 32
9 52
6 87
2 40
5 57
10 40
5 17
1 36
3 77
9 72
3 12
1 35
4 42
4 38
3 15
2 0
2 56
5 19
4 84
3 14
4 70
7 19
1 23
6 43
7 85
1 84
8 40
8 44
1 13
10 5
8 99
3 23
1 38
10 41
7 41
4 90
10 0
7 40
7 41
7 44
10 65
8 16
6 30
5 73
5 95
8 53
2 48
4 55
4 20
7 22
1 53
7 36
8 78
4 9
3 8
10 25
8 86
10 20
4 10
10 98
5 7
7 37
3 23
6 89
1 7
3 46
10 73
10 51
3 45
7 8
3 100
6 30
1 60
10 64
7 93
4 86
3 87
7 43
10 10
7 43
3 90
9 66
3 3
1 96
1 63
3 35
2 55
6 98
4 43
1 45
2 91
7 98
5 17
8 39
7 61
4 15
6 68
2 54
6 14
10 50
4 12
5 70
6 5
4 0
4 81
1 37
7 78
8 78
10 17
9 49
5 25
1 40
8 87
1 96
7 45
9 86
8 93
6 76
6 94
9 6
10 55
6 93
6 57
3 100
6 100
2 42
2 24
1 93
1 44
2 59
3 81
1 74
1 73
1 62
9 36
2 95
10 39
10 67
7 95
9 83
9 6
4 94
6 65
1 30
9 55
5 33
10 16
10 34
1 98
4 38
7 64
8 76
10 65
5 22
10 72
6 12
2 35
8 8
3 43
7 75
3 72
2 95
8 98
1 12
10 61
4 40
3 19
3 87
3 2
1 87
5 68
10 67
4 57
10 54
1 31
3 89
4 61
10 70
5 74
1 51
9 57
8 11
8 75
6 83
9 53
7 17
9 81
7 62
6 20
5 85
4 75
9 92
2 15
8 99
7 6
4 44
2 43
10 68
7 4
1 23
8 78
4 74
3 32
1 12
2 69
7 24
3 29
7 59
6 50
4 36
9 76
2 65
5 52
3 12
10 7
10 43
8 72
5 40
2 10
5 85
1 18
5 56
5 31
4 72
9 51
7 58
9 10
9 18
10 14
4 17
7 31
1 71
6 74
3 71
10 22
1 28
7 59
5 82
5 70
10 64
3 3
10 7
2 20
10 31
8 16
2 100
3 53
3 68
4 89
7 62
6 86
3 34
6 51
3 85
5 37
10 33
2 65
10 84
3 85
8 29
10 83
6 89
8 70
8 64
2 55
6 42
5 10
10 1
5 86
10 43
8 100
2 76
2 53
6 16
10 65
4 57
5 55
7 38
2 60
6 63
7 49
10 39
3 61
6 77
7 64
5 64
9 17
5 74
7 46
4 94
10 73
4 14
7 16
7 44
5 61
8 64
8 70
7 4
10 95
6 5
10 77
10 59
7 11
1 0
9 11
1 34
9 98
3 39
5 74
8 12
3 6
10 58
2 30
5 0
7 93
8 32
10 76
5 47
6 100
2 91
1 36
6 8
9 72
1 30
5 15
6 64
4 70
2 49
10 6
10 16
2 48
2 71
5 14
1 19
7 7
10 88
6 15
2 97
5 66
5 60
4 7
9 37
6 27
10 5
7 66
2 67
4 68
4 21
10 1
2 38
9 98
10 62
10 4
8 21
5 45
2 80
3 61
4 11
2 55
5 75
4 53
9 80
5 60
7 70
4 16
4 16
5 20
10 12
2 40
6 2
7 80
10 23
5 58
5 76
1 78
7 34
2 77
5 3
5 70
5 47
9 95
6 78
3 38
5 52
3 18
8 65
7 66
8 52
8 52
2 2
3 58
2 49
9 34
6 33
6 48
5 56
5 63
8 64
7 78
2 90
1 88
2 85
5 32
6 93
4 18
10 63
8 88
8 87
4 13
9 57
5 23
7 93
7 81
4 94
6 53
3 13
6 14
3 33
10 20
1 69
2 95
8 87
9 85
6 71
10 20
5 70
9 30
1 47
10 31
3 37
5 89
4 46
10 33
4 87
3 82
7 31
2 64
9 39
7 72
2 99
2 7
2 47
10 86
1 18
9 39
10 40
1 35
9 70
7 90
2 55
1 32
5 91
7 9
4 76
3 18
8 64
4 24
3 34
10 94
5 73
3 76
2 15
5 80
3 5
4 0
2 60
10 3
10 61
2 30
9 60
4 45
3 100
7 30
2 18
1 83
8 44
1 5
2 7
5 68
1 9
4 41
9 14
7 65
4 58
9 83
6 60
1 25
2 95
5 72
2 56
4 25
3 50
5 97
6 7
4 40
5 82
7 22
6 8
2 68
8 45
6 23
7 52
4 7
10 2
7 37
4 71
1 66
8 76
2 97
3 36
6 8
5 56
8 82
4 54
4 82
8 44
9 42
2 18
1 76
6 36
4 10
7 54
5 10
2 26
9 26
9 38
9 88
7 31
3 21
9 77
9 17
3 24
8 63
4 83
6 21
1 84
2 13
2 23
2 98
3 42
2 62
8 69
1 73
4 53
2 98
9 41
5 92
4 70
5 28
3 64
2 11
9 93
7 89
4 16
4 36
8 24
8 10
9 78
10 21
1 39
10 0
1 57
6 84
10 16
9 9
1 75
3 100
8 86
2 8
5 13
8 26
10 61
4 5
4 55
3 85
3 54
10 77
8 47
1 18
1 53
9 1
8 100
5 27
1 43
3 69
9 35
8 51
10 35
9 53
3 88
2 6
6 90
4 23
1 29
10 89
5 42
8 78
10 8
7 98
2 86
9 32
1 62
1 0
7 65
8 4
3 40
7 51
7 90
3 2
1 75
2 100
9 40
10 24
1 17
7 22
3 78
6 20
10 99
5 88
3 26
2 62
9 42
4 42
3 47
6 81
10 87
7 46
6 37
3 88
4 85
7 24
10 27
7 64
3 56
7 20
3 19
2 91
8 4
6 54
3 43
9 94
3 25
10 8
2 59
5 19
4 23
1 6
4 38
7 72
4 28
10 54
6 63
10 17
3 65
4 21
9 97
1 60
5 96
9 80
3 57
6 77
6 48
1 62
9 42
9 14
8 99
10 62
5 4
3 73
1 52
9 10
2 1
1 56
1 12
10 90
10 63
6 76
10 19
5 44
4 39
4 70
8 89
8 71
7 44
10 89
5 3
1 85
3 100
6 69
6 33
6 44
8 67
2 25
1 0
6 73
7 92
5 36
1 59
9 79
9 36
10 83
10 21
1 93
9 42
1 17
3 66
5 20
4 73
1 12
1 24
6 11
5 39
4 64
7 54
8 82
4 48
6 30
4 55
2 10
2 27
2 35
2 38
1 81
9 3
9 23
1 21
6 3
7 27
5 74
7 51
6 93
4 25
5 53
3 30
3 34
8 62
1 70
5 67
9 71
2 9
9 94
5 95
5 67
7 17
1 51
9 35
9 66
7 96
2 0
9 82
7 67
2 69
4 44
10 95
8 16
3 48
4 8
2 57
4 94
2 25
1 20
7 64
8 10
6 8
9 74
2 96
4 63
7 61
4 53
10 96
2 78
9 86
10 86
5 41
9 87
9 66
5 70
9 36
10 66
4 15
5 73
5 28
10 12
10 26
2 20
2 73
4 4
4 92
4 78
3 24
7 97
5 48
1 89
1 5
9 72
2 87
5 13
7 14
10 18
2 25
3 78
3 0
7 39
7 19
1 97
10 47
4 85
1 55
4 79
10 8
2 96
1 45
6 72
6 21
8 99
6 91
9 58
1 67
7 56
3 46
3 70
5 97
10 12
4 2
6 63
6 20
9 63
8 42
10 60
8 44
10 37
8 23
4 55
1 17
7 78
8 5
9 37
9 45
4 72
7 90
2 60
8 28
2 49
4 49
8 99
3 53
1 88
2 7
5 37
5 86
2 18
10 6
6 32
3 96
1 72
6 76
9 98
4 4
8 1
3 35
1 75
4 1
9 99
9 61
3 72
5 97
1 5
9 92
1 5
4 28
7 80
9 30
7 55
9 62
8 32
4 68
3 92
8 29
5 98
3 84
6 87
1 89
7 32
5 82
6 49
4 88
10 75
1 48
1 1
5 99
3 78
10 13
3 2
3 82
1 84
5 67
3 51
5 80
8 85
7 99
2 37
2 66
7 28
7 73
5 45
9 29
5 28
8 77
3 84
6 89
7 97
4 73
9 81
7 82
8 49
8 10
4 76
9 11
6 24
10 61
6 10
8 48
2 90
8 29
3 29
6 39
5 97
5 78
9 75
2 69
10 58
1 68
3 69
8 73
5 7
6 25
4 36
3 82
9 44
6 42
7 10
6 8
10 20
2 29
10 28
9 50
2 78
4 8
1 4
6 30
2 27
7 70
10 19
8 92
2 34
4 73
4 89
4 35
1 53
10 88
3 70
6 11
9 22
8 77
7 93
9 28
3 6
8 27
7 86
8 68
2 51
2 54
10 52
2 2
3 55
8 92
4 94
9 45
10 20
2 89
9 25
5 10
7 24
10 70
4 94
9 78
5 29
2 39
1 53
7 19
9 90
6 92
1 52
2 77
5 72
4 86
4 23
2 91
8 16
5 39
6 63
1 0
5 1
4 22
2 12
4 85
1 20
7 36
9 83
5 96
1 37
6 88
7 49
7 26
6 4
3 77
2 16
10 20
5 84
3 75
3 85
6 38
10 58
2 92
3 73
1 5
10 70
5 70
9 82
8 57
1 9
2 54
1 40
5 58
3 87
9 28
4 18
2 76
1 92
6 76
1 81
4 34
6 95
7 59
7 95
2 9
9 98
7 53
5 51
4 31
9 36
10 66
5 70
1 14
8 20
8 56
7 1
1 60
1 49
5 59
1 25
9 27
8 0
10 77
2 52
9 2
5 26
10 64
1 28
7 83
4 38
3 93
7 24
8 74
8 87
3 98
4 14
2 94
9 85
4 32
1 61
8 1
2 26
1 76
10 12
3 51
8 73
2 12
3 57
2 25
9 73
2 24
5 16
7 76
5 48
2 45
10 62
1 52
5 91
9 16
6 5
6 87
1 35
4 95
8 71
4 17
3 93
8 79
9 24
3 63
7 9
5 77
5 59
8 52
2 99
3 90
10 72
3 2
10 38
4 10
2 69
4 15
2 86
2 35
10 4
4 16
2 37
7 16
6 13
8 54
4 24
9 54
4 68
2 100
10 83
1 4
9 94
1 68
5 76
2 17
6 55
2 94
5 9
2 35
10 89
10 40
3 87
4 95
1 79
4 30
4 27
8 24
4 92
10 84
8 27
6 35
3 18
4 62
9 91
5 72
8 11
3 97
7 11
6 47
3 33
7 23
4 31
4 61
7 35
9 22
5 18
3 72
2 58
7 55
2 83
1 87
9 74
10 1
10 85
3 92
1 57
10 71
1 28
1 46
7 65
2 31
8 77
2 35
7 87
4 9
8 32
2 6
1 49
8 17
9 32
5 89
9 13
5 23
4 38
1 64
10 5
10 41
3 72
3 44
2 38
10 96
4 52
7 80
7 43
7 9
10 55
3 89
4 55
5 94
1 4
1 12
3 19
4 24
2 65
4 17
3 84
2 54
6 100
7 90
6 77
3 39
9 99
7 18
1 15
5 98
4 92
2 1
10 53
6 42
10 52
6 98
6 35
7 40
9 33
3 43
6 60
4 46
9 4
1 64
8 71
8 38
7 55
9 67
10 55
3 56
5 84
6 100
6 90
4 80
5 97
9 25
4 3
1 93
4 26
7 99
5 92
5 82
9 57
8 16
1 23
3 74
2 51
4 99
4 92
7 41
8 21
10 28
1 3
4 30
4 72
1 52
8 4
7 54
6 93
9 93
2 36
7 40
9 19
5 38
8 80
4 12
1 86
8 93
6 58
4 4
6 41
7 13
3 45
4 16
4 89
8 61
3 31
10 76
7 2
2 51
1 6
4 8
8 61
4 2
3 19
2 1
6 8
9 33
1 12
7 86
7 0
6 11
1 19
4 71
8 89
9 49
2 52
2 53
8 99
8 59
9 1
1 86
2 82
8 44
5 19
2 17
4 44
4 91
10 38
10 85
9 17
9 53
8 6
10 81
7 63
6 23
7 49
4 82
1 59
10 10
4 12
9 48
7 65
10 68
3 8
4 44
6 18
6 32
6 37
7 69
8 72
10 68
2 22
3 36
4 5
7 28
1 22
3 24
7 11
3 6
4 7
8 70
2 62
1 52
2 49
1 17
4 44
6 14
3 29
8 4
10 56
8 66
1 6
8 60
7 75
2 59
9 22
10 52
4 99
8 98
2 91
2 11
4 11
2 27
9 29
2 66
2 2
2 7
9 35
9 0
8 63
2 94
7 57
6 59
2 67
10 42
3 51
5 57
4 7
2 55
8 99
5 35
9 47
7 15
2 55
3 0
10 23
8 98
8 16
3 67
9 17
5 24
1 52
7 41
4 65
8 68
9 19
8 37
2 86
9 26
6 68
8 46
10 23
4 55
1 97
3 52
6 98
8 26
4 1
4 90
1 61
7 32
1 52
4 47
5 1
4 14
1 77
10 14
8 69
4 79
5 91
4 32
2 93
5 10
9 51
9 26
7 30
4 89
3 70
2 44
8 5
1 54
3 4
1 55
6 13
8 36
9 64
10 20
10 95
4 39
2 78
3 65
2 26
1 43
5 31
3 71
1 99
6 72
1 0
2 37
6 15
6 78
5 84
6 1
10 18
1 53
4 34
3 34
7 47
6 35
4 3
9 84
3 45
3 13
6 26
7 57
6 63
2 9
8 73
7 92
8 66
4 17
9 51
8 21
7 63
9 69
10 33
5 7
5 85
2 87
8 60
6 68
1 4
1 27
4 25
9 42
3 98
4 92
1 26
2 34
7 24
8 26
2 53
9 99
1 71
6 32
6 72
2 63
7 96
2 14
9 76
1 5
10 80
3 70
10 47
5 47
6 21
4 97
8 22
7 31
9 32
7 13
2 92
5 58
3 98
1 43
8 27
9 77
3 96
4 58
1 93
6 17
7 66
4 36
3 5
2 69
9 63
1 93
6 11
2 90
7 78
1 26
1 13
3 90
2 30
5 21
5 4
7 79
10 65
10 93
9 8
8 85
9 80
4 29
2 98
10 54
10 51
3 49
3 39
2 65
1 86
8 92
6 10
2 85
5 39
2 91
5 79
6 42
9 42
8 36
7 90
2 54
3 100
8 30
9 61
6 47
3 90
5 67
7 44
8 23
5 34
9 90
4 97
6 50
8 32
1 47
8 90
10 3
3 37
8 33
1 77
4 32
10 58
8 13
8 19
2 96
2 96
8 43
3 17
2 82
2 77
4 66
4 87
5 82
7 87
5 26
2 92
9 16
7 67
5 62
4 26
5 13
7 85
3 61
2 22
9 100
4 93
6 38
1 18
10 16
1 78
2 71
2 9
2 44
10 13
8 54
1 23
5 38
8 74
7 11
4 8
6 60
10 4
8 93
5 30
1 83
4 30
8 32
5 6
3 49
1 97
9 8
9 76
3 54
3 99
9 42
8 92
2 91
9 38
1 51
4 22
4 3
5 38
3 96
3 76
3 84
7 57
8 15
9 56
6 44
1 46
1 83
8 92
6 60
5 32
5 66
7 97
6 33
7 40
10 74
1 0
5 73
5 35
7 70
6 14
2 8
6 13
9 55
6 73
6 42
5 86
1 85
2 29
5 38
8 43
10 46
10 56
2 50
1 37
6 89
10 28
5 100
4 13
3 13
2 100
5 98
5 81
7 5
9 46
2 69
4 46
6 8
7 95
1 98
10 50
1 42
2 57
9 2
5 23
6 17
4 45
5 35
8 80
4 68
2 21
5 49
2 36
1 49
7 17
1 53
10 28
9 37
3 7
1 53
6 83
10 22
10 76
8 9
5 1
1 40
7 39
5 68
9 20
7 64
3 12
5 12
5 13
3 47
6 83
5 23
5 80
3 83
2 25
9 42
6 90
10 62
9 70
3 6
2 28
3 96
4 34
9 25
8 91
7 99
5 49
8 78
4 47
7 19
2 36
2 14
1 5
2 5
5 86
5 11
10 10
8 43
5 56
1 85
8 90
2 12
7 63
3 32
1 8
9 66
6 88
4 22
8 41
8 90
6 36
9 71
3 55
1 64
6 90
2 5
4 18
6 49
2 66
1 96
3 35
4 28
2 15
1 45
4 8
2 75
8 50
6 20
8 89
7 61
1 97
3 89
1 53
3 17
5 57
8 38
10 55
2 65
9 43
10 28
4 66
4 8
10 8
8 75
5 68
2 98
2 82
4 69
5 68
4 54
10 5
2 0
9 84
5 0
10 82
1 35
9 42
4 43
6 83
10 62
1 27
5 88
3 44
6 32
7 30
3 14
3 54
3 59
2 23
5 12
10 70
8 12
5 27
2 44
8 33
6 72
5 70
6 13
2 17
8 56
6 18
4 74
8 34
1 2
3 63
5 8
10 49
1 80
6 59
7 4
7 52
3 33
4 13
4 93
10 7
7 15
4 44
7 1
10 70
1 78
5 56
9 0
2 42
9 64
6 96
9 41
3 48
5 91
9 23
2 1
1 61
7 36
8 35
1 80
6 30
4 93
3 23
3 6
7 43
4 64
2 5
10 50
4 77
10 6
7 62
6 85
10 88
3 29
3 59
4 17
8 24
1 6
6 84
2 87
6 25
10 11
5 85
4 42
6 55
10 81
4 46
5 68
7 10
10 74
7 88
4 3
4 69
1 40
2 99
1 77
4 62
8 25
6 91
7 93
9 9
8 76
6 34
6 82
2 19
7 31
7 85
2 18
2 1
10 94
3 64
5 66
7 36
1 82
3 65
9 71
1 59
3 4
7 82
4 5
7 57
4 58
3 59
8 79
6 44
2 59
10 88
1 84
4 75
3 35
1 8
8 73
6 40
1 47
1 86
2 80
2 29
3 78
3 22
9 84
6 25
7 76
7 83
4 77
2 72
10 60
1 39
6 20
5 61
7 69
9 68
4 63
10 42
4 76
4 55
4 10
5 68
1 76
1 7
7 27
4 97
10 28
6 69
6 21
4 81
6 2
7 93
1 87
2 72
6 94
6 71
8 58
9 94
7 66
9 13
5 56
6 6
2 0
2 7
3 21
5 11
4 59
6 90
9 76
3 25
6 19
9 22
10 30
10 46
7 78
5 10
6 0
4 98
1 93
10 76
6 74
6 48
10 71
3 97
2 76
10 57
8 12
7 59
2 43
4 78
7 62
6 24
1 85
2 47
1 86
4 90
10 14
9 58
7 69
7 36
4 89
9 80
9 56
3 34
10 52
3 18
5 77
4 34
8 2
9 6
5 22
8 63
7 83
10 80
5 95
3 39
5 75
3 78
1 78
6 0
10 18
10 69
1 100
8 14
2 83
8 28
2 78
9 91
7 29
10 9
3 88
9 92
10 51
6 38
10 23
3 61
8 42
4 55
8 4
6 74
1 76
2 41
7 41
3 0
2 28
1 47
5 51
9 83
2 50
6 89
6 8
10 73
3 31
2 24
2 82
1 32
1 40
4 9
2 40
6 30
6 9
10 7
8 69
3 50
5 69
5 90
2 88
8 31
5 14
10 53
8 45
2 46
8 89
1 74
6 76
8 68
1 81
5 84
8 88
3 37
8 93
9 85
3 25
4 99
6 16
2 90
10 16
3 58
5 30
2 95
2 48
7 63
8 14
4 34
8 85
6 87
6 33
9 60
5 52
5 89
1 7
5 70
10 83
6 7
3 86
6 86
10 77
5 85
5 62
8 18
4 34
7 5
10 67
9 29
4 9
6 94
10 64
2 11
10 98
8 72
7 100
4 32
2 65
5 25
3 69
5 34
8 17
8 25
4 38
4 60
6 51
1 23
3 96
4 1
10 14
8 16
2 24
7 74
4 38
9 52
6 39
3 13
8 89
8 48
5 55
2 69
5 81
6 56
2 51
7 61
10 60
5 63
7 25
4 86
6 39
10 99
1 98
10 36
6 84
6 85
6 12
7 47
9 7
2 70
6 93
5 51
9 28
8 84
7 17
4 74
2 30
1 53
10 61
3 57
4 45
3 42
3 78
1 46
9 45
5 6
6 61
8 75
5 73
9 8
8 27
3 82
1 25
10 25
1 48
3 93
5 91
1 54
1 79
10 30
4 24
3 75
6 96
4 32
8 31
4 21
4 61
9 33
8 17
6 46
7 3
5 73
3 84
1 98
3 83
7 93
1 100
3 82
8 44
2 3
9 40
7 59
5 83
9 47
4 74
9 60
8 16
7 27
7 26
4 46
7 78
6 32
1 4
1 75
6 52
4 27
9 34
3 52
6 71
3 71
3 31
3 80
8 9
4 56
8 44
10 71
6 11
1 73
3 19
3 81
6 83
4 23
1 9
4 19
9 76
9 62
1 87
9 95
5 55
4 7
6 53
1 9
2 62
1 23
8 3
5 45
5 27
1 91
2 14
4 51
1 8
6 56
5 99
6 79
5 72
6 59
4 24
1 70
3 51
2 56
7 11
3 32
9 61
3 12
1 66
4 68
2 48
9 70
1 99
6 68
7 45
4 30
1 63
8 16
6 31
8 47
9 9
5 24
8 47
7 92
6 60
1 78
6 35
2 49
2 89
1 16
2 65
6 80
9 67
4 94
6 31
10 74
4 92
8 91
8 2
6 97
7 22
7 29
1 94
4 46
7 77
7 79
10 70
10 13
1 66
7 15
4 23
4 1
7 21
2 76
10 92
10 65
5 42
6 48
6 19
5 65
1 62
2 4
1 77
3 95
1 40
2 52
6 34
10 62
8 1
1 33
4 26
5 84
9 42
6 37
3 92
1 61
4 63
3 68
7 24
8 34
10 6
2 13
2 94
6 84
7 11
10 93
6 30
2 74
1 82
3 29
4 53
1 52
10 72
10 100
3 2
3 87
3 11
3 70
8 21
2 51
4 87
7 64
9 61
3 15
8 33
5 100
8 3
2 70
3 95
2 3
4 58
1 14
2 90
7 69
8 95
3 14
5 38
5 60
7 82
5 82
3 74
4 29
9 61
9 32
7 85
4 92
6 57
9 33
7 19
4 70
3 59
5 51
4 72
10 64
9 64
1 81
7 7
3 49
6 95
9 44
7 53
3 95
8 36
4 63
8 59
10 93
3 23
1 69
6 93
3 30
1 47
8 4
4 51
6 9
6 51
7 95
8 7
1 88
1 11
9 14
7 58
9 72
3 99
7 28
5 97
4 89
6 60
9 12
3 85
1 39
2 12
10 91
7 35
9 51
1 28
6 40
8 92
7 7
9 13
4 44
1 2
10 40
8 41
1 43
1 65
5 35
5 49
9 80
8 93
8 39
8 24
9 21
7 17
10 54
10 19
3 33
3 19
5 72
1 80
1 55
9 24
9 5
10 15
3 47
9 85
5 29
8 67
1 64
7 2
4 11
5 98
1 78
9 23
4 36
2 40
5 55
7 45
4 97
8 47
8 12
8 97
8 32
4 96
7 28
7 39
10 92
6 86
3 63
4 55
1 97
4 81
1 89
10 63
4 6
2 76
5 32
8 87
2 8
2 71
6 42
5 37
3 54
5 46
6 68
4 59
10 62
7 10
7 56
5 71
5 7
3 32
8 84
3 6
2 82
9 91
7 36
7 57
3 56
8 51
8 91
4 38
6 40
3 37
2 66
8 56
8 19
5 60
5 68
3 55
1 68
1 35
3 61
5 36
6 91
5 49
3 38
4 91
5 89
6 41
1 45
5 44
5 86
4 61
4 23
1 30
5 59
8 12
4 75
1 83
5 72
3 99
5 47
8 37
6 64
5 6
1 66
3 82
2 89
6 35
10 34
9 63
9 69
10 83
8 54
1 72
6 11
9 54
4 64
3 16
1 12
10 59
1 40
5 12
1 54
1 56
1 29
5 94
2 89
10 5
10 42
9 37
4 73
9 50
5 5
9 79
10 95
5 96
6 75
6 39
4 5
6 25
1 41
5 53
1 45
6 30
6 60
10 82
3 78
5 46
3 57
2 12
1 59
10 32
8 55
4 80
3 58
10 92
7 95
10 67
3 22
5 37
6 99
7 99
7 66
6 50
6 60
10 91
7 3
7 61
3 22
6 18
9 38
8 9
8 63
8 22
6 52
8 77
4 61
2 46
2 43
3 56
6 92
8 99
9 20
6 100
8 53
9 23
3 93
6 35
8 56
3 86
3 46
5 89
8 9
3 30
1 55
2 11
6 53
3 14
5 35
1 5
8 16
10 76
2 30
4 31
3 85
5 48
3 51
6 86
4 81
3 61
9 12
8 95
10 98
7 24
7 27
4 11
5 47
5 41
5 48
6 60
9 76
2 23
4 44
5 90
8 91
9 49
8 51
4 84
6 31
1 24
5 93
2 22
1 98
8 30
3 20
10 34
5 37
4 48
2 7
2 56
7 70
6 90
2 24
10 96
1 71
6 20
4 98
3 89
2 98
6 9
5 99
1 46
7 10
2 63
1 4
1 26
7 80
1 97
7 4
9 72
6 94
1 5
5 71
10 46
6 41
5 5
5 33
7 22
3 31
9 8
9 63
4 31
8 44
6 65
3 71
6 99
3 29
6 8
1 67
2 79
6 23
1 24
5 72
1 25
9 35
4 68
5 16
4 16
6 10
10 48
5 22
3 37
7 18
3 97
6 21
8 95
3 45
5 47
8 13
4 15
1 84
7 12
10 17
4 44
9 83
7 38
2 70
1 43
1 26
10 77
8 94
2 55
6 63
4 58
1 10
2 6
9 26
6 28
9 97
2 60
6 56
2 37
8 16
5 55
5 43
7 37
1 90
10 25
7 47
8 37
6 71
8 15
10 34
10 45
6 80
10 10
6 9
10 54
3 51
1 18
8 65
2 96
3 15
5 68
5 37
4 29
7 9
8 89
9 79
9 84
4 10
9 7
5 89
7 13
4 68
10 100
7 97
6 92
2 85
1 4
9 99
7 54
4 4
8 34
10 99
5 44
9 64
9 74
2 77
1 70
6 93
5 87
4 61
5 29
1 26
6 6
3 67
7 53
3 42
1 33
7 14
6 57
1 1
2 9
10 54
9 20
10 65
10 35
10 63
7 55
1 19
1 24
9 9
10 45
8 94
9 22
2 44
7 52
9 85
8 57
10 83
2 63
10 91
3 9
4 24
2 65
5 66
10 20
2 23
6 75
2 38
2 81
4 93
10 48
3 19
2 99
9 41
3 44
8 2
4 72
10 42
1 0
2 30
5 92
5 94
9 58
1 59
1 10
3 98
1 60
3 59
4 90
2 60
8 77
6 22
9 21
3 37
6 82
5 44
6 71
3 14
9 61
1 19
3 11
8 90
2 50
10 48
8 62
7 84
1 91
10 76
4 78
2 2
9 52
2 25
7 16
2 21
1 61
5 69
2 71
3 41
2 49
3 53
6 82
7 1
6 24
5 81
6 80
8 54
5 22
7 65
10 42
1 97
2 93
6 12
8 47
9 16
5 0
6 55
3 92
4 73
5 96
7 9
6 5
9 0
3 79
7 63
3 71
8 53
1 79
4 68
1 58
6 19
6 90
3 20
1 42
8 78
5 74
2 27
4 9
10 62
2 75
2 91
3 73
3 45
7 79
6 28
10 41
10 27
1 20
5 75
8 67
6 100
9 61
4 1
3 28
7 78
1 16
1 76
8 85
3 87
1 27
5 68
10 3
7 27
3 2
10 88
9 31
5 77
1 17
6 69
3 98
2 64
1 35
3 17
8 34
2 48
8 53
6 50
3 40
4 81
10 27
9 19
1 81
3 45
8 52
5 42
4 76
10 59
7 99
3 38
5 46
7 96
8 10
2 25
4 52
10 96
9 83
9 92
4 45
4 20
5 94
7 60
2 65
3 19
5 50
3 47
6 21
2 58
8 33
8 71
5 54
4 34
4 75
9 78
10 25
4 19
8 91
9 51
4 4
1 20
1 15
2 44
2 81
8 37
4 79
1 4
7 57
7 46
9 56
8 61
8 49
4 67
8 91
7 84
3 5
1 87
6 64
8 20
8 64
8 90
8 56
8 88
10 24
2 29
3 43
7 76
4 55
8 93
5 71
8 95
10 100
2 55
7 71
4 33
9 50
10 49
5 12
7 35
7 66
7 43
6 42
4 9
10 30
2 5
8 11
6 87
7 15
6 98
1 92
10 38
2 96
9 99
5 38
9 42
9 36
1 96
1 96
10 60
8 62
6 10
2 88
3 62
3 57
1 79
8 10
4 11
10 92
4 28
4 59
8 38
6 10
7 71
10 30
1 100
3 84
6 31
3 45
9 63
4 4
4 8
9 94
5 38
1 94
9 26
7 62
2 78
5 51
9 18
7 43
6 96
10 12
7 90
1 11
5 54
3 23
4 82
10 43
2 79
4 27
4 96
9 44
9 24
5 91
5 69
9 28
10 0
3 66
1 2
8 14
2 10
10 79
5 17
10 100
7 17
10 94
3 94
3 91
7 95
8 21
10 37
1 74
1 52
7 15
3 61
5 17
4 86
9 58
2 72
6 73
3 19
6 25
9 35
8 89
10 56
2 68
10 70
7 1
6 85
4 56
7 51
3 26
9 29
1 79
1 1
10 2
8 13
5 19
1 99
6 73
4 16
5 78
7 83
8 35
5 32
7 88
7 79
4 38
7 89
1 70
9 12
6 55
8 27
7 39
3 100
7 91
2 40
8 24
8 65
4 62
4 68
9 86
7 61
1 25
2 23
10 71
10 90
1 55
1 65
6 16
10 20
10 49
7 55
3 32
10 29
3 88
9 29
8 11
9 68
6 57
4 56
6 11
6 75
8 3
1 48
4 3
1 90
6 60
1 35
9 41
6 21
3 18
2 86
3 0
4 33
3 63
3 87
5 48
4 60
3 72
8 100
10 80
4 28
7 57
6 100
9 60
7 81
8 90
2 50
3 84
1 21
4 15
5 70
1 38
4 8
5 5
10 26
3 7
1 89
6 33
8 54
5 40
1 15
8 72
5 91
9 25
8 4
1 24
5 92
3 98
7 76
7 32
10 99
9 16
7 91
9 21
2 22
7 72
7 27
5 56
6 72
10 40
5 80
8 51
9 3
8 48
10 75
1 24
6 23
9 26
1 4
6 24
6 45
4 65
3 77
7 77
7 81
8 15
8 31
3 98
2 21
3 76
1 15
5 98
6 65
5 62
5 70
8 90
4 3
5 15
1 72
7 83
2 73
3 21
9 7
4 38
6 14
6 48
10 82
4 76
2 25
6 64
2 67
10 76
2 78
8 51
2 23
10 8
9 18
3 76
10 71
9 1
6 61
10 100
9 99
7 3
2 63
3 22
1 93
9 64
3 69
7 97
8 42
3 99
9 66
7 17
9 12
6 2
4 18
6 58
7 36
1 46
1 63
8 51
1 52
6 79
8 93
9 86
7 24
10 41
6 16
9 97
9 61
2 34
8 58
4 77
1 24
8 14
7 26
7 5
9 72
2 33
6 54
9 26
5 2
3 42
8 27
9 35
1 62
10 32
6 49
9 61
5 86
9 35
4 36
8 90
4 69
9 77
10 63
5 26
8 43
5 89
1 33
6 45
1 49
9 75
10 36
6 98
10 37
2 10
7 91
7 23
9 68
2 61
10 49
1 67
2 98
6 97
1 62
4 98
1 15
2 47
1 18
10 22
6 31
5 47
7 29
2 91
3 79
6 8
9 95
3 11
2 3
9 29
2 91
10 61
6 2
8 1
5 43
8 19
1 61
6 83
3 7
5 13
5 50
10 68
1 51
4 4
2 54
7 86
6 18
6 99
2 2
3 88
6 62
8 52
5 19
1 53
6 75
8 9
8 38
2 68
10 79
5 48
9 32
2 66
6 21
5 38
7 10
9 63
4 8
9 39
3 96
7 67
2 59
2 67
4 26
5 72
7 11
3 4
6 21
4 67
3 93
9 64
9 74
5 98
7 47
3 14
4 6
1 60
10 43
5 82
3 41
5 81
2 58
9 25
10 5
1 48
8 35
6 30
1 21
6 75
3 28
8 92
6 62
3 50
8 86
5 62
1 23
5 49
8 76
4 82
3 67
10 76
5 68
6 25
2 80
8 36
6 32
7 76
2 55
5 63
6 20
5 34
6 78
7 68
2 96
9 0
8 11
7 68
2 81
4 76
10 92
8 83
5 51
5 22
6 5
2 68
9 95
9 41
5 21
8 95
1 84
9 81
6 90
2 82
7 15
