100
3 26000000 11000000 6000000
3 1 10 11
2 91584245 32600158
3 6966690 6966690 78900704
3 96970427 37306424 37306424
3 35231805 5582776 5582776
2 18719310 43307519
2 75014873 36328245
3 21135447 75822725 75822725
3 56416651 18610337 56416651
2 96820891 35514353
2 21727785 63504892
3 52020891 34120260 52020891
2 45342241 33654676
2 7479222 7672546
3 3626622 5793446 3626622
2 30641267 46325221
2 39931567 32105256
3 40479171 39684399 40479171
3 15999010 28048911 28048911
2 14666461 25970531
3 21310284 21310284 14914723
2 17596446 35192892
2 69158481 23052827
3 26160734 26160734 52321468
3 40591828 10147957 40591828
2 24950874 74852622
2 98800350 49400175
2 27225095 81675285
2 30230174 60460348
2 15177893 60711572
2 49125592 98251184
2 64611080 80763850
3 91088492 91088492 68316369
2 46902285 31268190
3 73654947 73654947 98206596
3 71376867 71376867 47584578
2 98647458 84554964
3 63435273 84580364 63435273
2 61272783 56559492
3 20926984 20926984 10463492
3 26146944 17431296 17431296
3 1800 1799 4244
3 49680 1610 49679
3 2634 272989 1610
3 36644498 4178834 37776530
3 29235024 53714016 71552448
3 470432 2949096 10955810
3 1875234 27632658 51843166
3 17537702 9916828 16273312
3 3187154 5852190 9603916
3 20583549 10970253 6392799
3 721192 70624552 18940072
3 18695644 28425562 9703312
3 65850881 7824917 5175059
3 16199371 47865573 57851968
3 19213680 47767104 25361196
3 14058064 17326549 1720684
3 73601363 36135955 76079726
3 12054663 8364834 4853430
3 20241757 52147114 35631940
3 1941115 9065815 5836699
3 3991222 24392372 16552880
3 12960612 11577762 40358602
3 9679006 30795028 86295072
3 71405597 39454017 15206427
3 76666957 4034743 32692903
3 24201854 14999412 6308584
3 11120792 4362136 21324056
3 490934 15176940 26699112
3 3649828 40169025 30605185
3 4316602 6540538 1216102
3 86895024 47460396 17434316
3 52807174 27218303 16744202
3 6213756 19383066 37528116
3 53689425 2176395 27446595
3 772604 1184447 3686642
3 2811486 51851692 80129278
3 5656347 15572052 8602866
3 11695437 9022293 20438229
3 2280555 29137671 84128893
3 30326898 67754773 12994148
3 15401584 12522984 7425528
3 1371310 62903710 27659350
3 25019036 21130550 8488970
3 9664232 37317096 11416320
3 6489218 15219564 13661318
3 24825102 12729778 7610920
3 5186856 19883368 12720148
3 3778319 36995363 40142640
3 8848872 8073372 3253392
3 44157204 87290004 91037166
3 543159 2247459 12927359
3 1789068 14798268 9798516
3 12924158 20249152 3349112
3 8711495 28093745 48677995
3 55480344 10348843 26908625
3 8714702 26093143 18665368
3 12742175 29770121 41958242
3 18273307 51235600 31881135
