100
5 3 10 5
0 2 5 6 7
1 1 1 1 4
5 3 10 5
0 2 3 5 7
2 1 1 1 4
5 3 10 5
0 2 3 4 7
2 1 1 1 4
1 0 1000000000 1
1
50
5 3 678326809 573
678278295 678293169 678298119 678305359 678316852
100 47 26 6 45
2 1 525051116 485
525009277 525030710
95 99
9 3 778872286 849
778798662 778827831 778828586 778830665 778831618 778841984 778848683 778868333 778869414
90 1 47 24 18 22 25 46 3
6 3 787454155 644
787389819 787395106 787401518 787403771 787433207 787446483
8 53 94 58 5 5
4 1 996476566 469
996446104 996451741 996455799 996470278
65 53 45 14
5 2 822783387 198
822763683 822776530 822777155 822777744 822780884
34 77 87 31 96
9 3 262994511 200
13906230 18518253 262977801 262977984 262979337 262979679 262979748 262983917 262992360
100 100 84 82 76 74 73 52 10
2 1 765917902 887
765848401 765868829
79 56
6 2 888884891 671
88052115 888839743 888848529 888873714 888873850 888875231
39 57 15 9 86 6
4 3 119249375 869
119208470 119219536 119240145 119244310
48 35 11 6
8 1 93012654 340
7742530 24130418 25473342 25868104 27742251 46298257 47883004 93001434
29 32 100 9 100 14 84 89
9 2 713959188 167
713945619 713949178 713949317 713952183 713952795 713953656 713958304 713958476 713958585
57 39 45 39 17 1 2 2 64
9 3 352530502 29
352527940 352528287 352528369 352528507 352528637 352528789 352529231 352529657 352530027
92 10 49 76 47 2 32 25 1
10 3 440046701 823
439970118 439973887 439978333 439992609 439997973 440007905 440008050 440023185 440034992 440040040
93 88 84 65 59 47 46 28 14 8
3 3 476546316 721
84344646 476528712 476533279
62 57 8
3 3 516151197 649
40071189 516125971 516136469
100 39 22
10 3 566092429 377
566057810 566063829 566064892 566066095 566067013 566068358 566068515 566072650 566079858 566082844
92 75 74 69 68 63 63 53 34 26
10 1 476851873 129
110547316 129898292 135605211 176268840 192718079 256051165 476847329 476847572 476849067 476851020
90 20 45 17 17 87 38 89 11 1
2 1 268670277 587
268620909 268662021
96 30
9 2 692138275 101
692129106 692130521 692131487 692132935 692135141 692135580 692136269 692136594 692137468
91 77 68 53 32 27 20 17 7
4 3 401307914 655
401243961 401249014 401294630 401301110
98 100 82 44
9 1 287550967 142
287537908 287538177 287538307 287538941 287542483 287543159 287544389 287546762 287549844
97 33 44 78 73 19 55 34 45
5 2 891945737 161
129892637 891933096 891934176 891937977 891942728
7 82 81 52 30
6 2 26242618 472
7909175 12886156 13995505 26216231 26229378 26239028
1 32 1 75 9 1
7 1 731245365 933
731179731 731182101 731188650 731198940 731214933 731223723 731240540
66 10 10 37 31 12 3
6 3 170969452 805
17671689 170901118 170930832 170951761 170952957 170957438
44 90 72 54 69 52
6 3 400470863 865
68749060 400407541 400417119 400443788 400456775 400465626
13 78 74 42 70 75
3 2 483119496 458
483090884 483110834 483115092
62 18 10
3 1 511058923 909
510977522 511017264 511039123
97 57 45
9 1 958456432 757
958385117 958386920 958399144 958405014 958414551 958441223 958441636 958453374 958454064
40 21 17 43 77 19 7 3 1
8 3 626761539 951
626680134 626690398 626691404 626694291 626708658 626726579 626728257 626756769
81 88 25 55 63 11 22 2
8 1 552228122 878
22310375 60297060 76402401 552168257 552178698 552203909 552209299 552211291
76 35 21 63 34 13 21 20
3 1 52676616 721
52630538 52643208 52663253
80 100 10
6 2 308594788 485
308555162 308555601 308564606 308572035 308577059 308578945
81 81 63 47 36 32
9 3 94815955 619
28218319 94767100 94768731 94771607 94775709 94778454 94794333 94798149 94810130
100 93 79 83 64 79 89 14 12
5 3 192156564 483
192120209 192133186 192133748 192136669 192153329
60 16 22 9 25
6 3 445787341 775
445714083 445724477 445773129 445777105 445778950 445783053
99 87 41 57 6 57
6 1 260199140 656
260135181 260139804 260163192 260180788 260193335 260194341
99 98 47 9 7 4
9 1 426582098 43
426577972 426578604 426579967 426579995 426580037 426580954 426581073 426581114 426581971
96 81 49 48 47 27 23 22 2
5 1 593991727 134
593979250 593981566 593986019 593987510 593988716
94 75 42 31 23
10 1 916730936 813
29159694 72942043 92347471 916672029 916689353 916689735 916692526 916695359 916701294 916722661
100 100 100 73 51 50 48 43 36 10
1 1 1000000000 1000
999899999
100
2 2 1000000000 1000
1 999999999
100 1
7 3 587610576 102
587600996 587601570 587603773 587604881 587605792 587606953 587608931
94 88 67 55 46 35 16
5 3 165117499 20
165115549 165116378 165116696 165116747 165117310
98 57 41 37 10
4 3 604957282 912
604866969 604870971 604912613 604950121
100 83 20 7
2 1 908124916 813
908049122 908061945
94 78
10 1 4553376 632
4495255 4498822 4505352 4523822 4527462 4530028 4537274 4538543 4539617 4544731
91 86 75 46 41 36 25 23 21 13
5 2 681172783 405
74095000 681146093 681148360 681160379 681163215
100 65 61 31 24
8 2 100919154 991
100823118 100845261 100848527 100896763 100903792 100905475 100913350 100914333
97 75 72 23 16 14 6 5
8 3 550618121 437
550584679 550592563 550602007 550606882 550607899 550608354 550610336 550614544
77 58 37 25 23 22 18 8
7 2 828879455 569
828840216 828841114 828844239 828853603 828865218 828866052 828874907
59 4 60 90 37 10 3
8 3 613127311 219
613106171 613108477 613108897 613114472 613119045 613119933 613122408 613125592
97 85 84 58 37 34 22 8
7 3 478823787 57
478818545 478818801 478820201 478821225 478822610 478822835 478822977
91 88 62 44 20 17 15
4 2 881818038 61
881812240 881813220 881817354 881817931
97 89 17 53
7 2 535314368 474
535267437 535270594 535284175 535296708 535298568 535304365 535311495
100 52 9 39 89 10 48
7 3 257581461 955
257487064 257491565 257501962 257514110 257532500 257547005 257580144
99 95 84 71 52 37 2
10 3 527848755 875
62107767 120835101 527793195 527802801 527820182 527828561 527831119 527832655 527834090 527843285
45 1 94 64 18 7 13 55 35 10
3 1 614672958 212
72924253 168709530 493684242
100 100 100
9 1 808969657 834
808890835 808896879 808899942 808923199 808931448 808936936 808937848 808944117 808968414
95 88 84 56 46 40 39 31 2
8 2 984151773 975
984055786 984060134 984064250 984103355 984130145 984134148 984134334 984147747
100 36 79 13 18 31 15 34
4 2 536323668 28
536321233 536322223 536322450 536322475
86 52 43 42
6 1 547556327 34
97760028 547553522 547554246 547554563 547555387 547555689
20 96 41 47 26 13
5 1 268101104 709
20426443 268046392 268049332 268086104 268093891
97 92 96 17 5
3 1 281297580 813
49411073 281279592 281293483
89 66 2
3 2 200680552 905
200620874 200660120 200675013
82 41 18
5 3 628920175 935
628826720 628841591 628858092 628868764 628891403
100 85 67 55 31
6 3 144777598 940
144686083 144699300 144723450 144729500 144733876 144762113
99 96 42 8 48 16
7 3 989692643 135
47471125 989681953 989684394 989687086 989687634 989688590 989689022
81 99 70 78 32 69 85
5 2 933932170 935
933857820 933862970 933872086 933877553 933922191
83 85 83 70 6
8 3 87692426 676
2885793 11531900 40627912 49716370 87655523 87657004 87662561 87680626
100 100 100 100 55 52 44 17
2 1 445248909 333
445238095 445246134
39 27
4 1 650491094 461
21693794 542631410 592200773 649247246
39 67 61 80
6 1 174906003 124
42404421 174899142 174901609 174902509 174902912 174903880
100 56 36 28 24 17
5 2 94146534 793
94101754 94108829 94114626 94131011 94137798
12 78 98 65 76
5 2 556355776 667
556309021 556315844 556320296 556330534 556351163
97 87 55 3 6
5 2 849635203 812
849579780 849611167 849617953 849620841 849627437
96 37 89 96 3
2 2 188704303 539
188653153 188690933
95 25
4 2 749379612 277
749355373 749364950 749365357 749365638
88 52 52 51
10 2 886635557 586
65175335 886588468 886591176 886595484 886601240 886612845 886613940 886627617 886630180 886632028
10 84 40 15 23 69 90 5 1 22
10 1 916296982 699
81450694 182795508 196437256 314715002 916268759 916284777 916286955 916289274 916293964 916295299
11 45 3 21 70 9 8 1 2 2
2 2 844841234 439
844807705 844823014
89 25
6 2 586796952 584
32337919 586758953 586762704 586773898 586779523 586784251
53 94 45 4 4 1
4 3 166551776 381
20636828 166532506 166546343 166549336
100 51 14 6
9 1 138464679 900
21551038 30226111 44928300 71924220 138410468 138435347 138438410 138439616 138453938
100 100 100 100 60 32 29 27 11
4 3 954760227 228
258849442 954750572 954751645 954757148
15 48 34 13
9 1 525439313 61
7501613 39718983 525435934 525436020 525436290 525437212 525437281 525438593 525438700
99 37 50 32 8 19 28 62 1
5 1 906252809 909
308246055 906177410 906194562 906202963 906228683
100 83 64 54 27
7 2 313656084 712
313610814 313618430 313622069 313633990 313634010 313636102 313636513
49 8 17 27 34 22 27
8 3 492498980 528
492450597 492453851 492457479 492464661 492465578 492473634 492478080 492487370
92 86 78 65 63 48 39 22
8 3 959629921 543
959577049 959580437 959581559 959590352 959596276 959608420 959623689 959624334
98 91 90 73 62 40 11 10
6 2 395208102 225
395188701 395191062 395200112 395200562 395200874 395204461
86 75 36 34 32 17
5 2 166012451 815
28195757 165954197 165974598 165977471 166006909
81 84 70 82 79
1 1 1000000000 1000
999900000
100
8 3 4598552 8
155196 271115 4598194 4598250 4598338 4598367 4598409 4598505
62 23 12 20 7 75 13 3
6 1 668540427 381
668511397 668529715 668531342 668533843 668535482 668535699
77 28 24 17 12 12
