50
24
0
2 9 5
0
2 3 22
2 17 14
0
1 18
2 13 11
0
0
2 10 15
0
0
2 23 7
2 12 2
2 6 4
0
0
0
0
2 19 16
2 20 24
0
2 1 8
24
2 22 10
0
2 16 6
2 20 13
2 14 15
2 9 17
0
0
0
2 12 11
2 8 21
0
2 23 3
1 15
1 18
0
2 2 19
0
2 7 5
0
2 24 4
0
0
0
24
1 4
1 8
1 16
0
2 3 17
1 24
1 18
0
1 18
1 20
1 4
1 24
2 1 11
2 7 9
2 10 23
0
1 16
0
2 22 2
0
2 12 6
1 8
1 20
0
25
1 24
1 24
1 24
1 24
1 24
1 24
1 24
1 24
1 24
1 24
1 24
1 24
1 24
1 24
1 24
1 24
1 24
1 24
1 24
1 24
1 24
1 24
1 24
0
1 24
25
1 4
1 20
1 22
1 13
1 1
0
1 2
1 24
1 7
1 6
1 14
1 11
1 9
1 8
1 23
1 10
1 25
1 15
1 18
1 19
1 17
1 21
1 16
1 5
1 12
25
1 12
1 7
1 23
1 6
1 9
1 3
1 17
1 1
1 13
1 4
1 2
1 22
0
1 19
1 20
1 10
1 24
1 5
1 15
1 21
1 11
1 18
1 8
1 16
2 14 13
25
0
1 5
2 7 23
2 15 19
0
2 3 22
2 21 12
0
0
1 8
0
1 1
2 18 14
0
1 25
1 11
0
0
2 24 17
2 10 2
1 9
2 20 4
2 16 13
0
0
25
1 2
1 10
1 11
1 9
2 4 24
1 10
2 23 1
2 25 3
1 10
0
1 10
1 22
1 10
2 19 8
1 10
2 14 21
1 6
1 10
2 17 12
1 10
2 7 5
1 10
1 15
2 20 18
1 13
24
1 7
1 13
1 18
1 6
1 24
1 8
1 2
1 22
2 14 5
1 11
1 12
1 21
1 20
1 19
1 3
1 10
0
1 23
1 4
1 15
1 17
1 16
1 17
1 1
20
0
0
10 12 8 1 2 16 9 13 10 6 18
10 12 8 1 2 16 9 13 10 6 18
10 12 8 1 2 16 9 13 10 6 18
0
10 12 8 1 2 16 9 13 10 6 18
0
0
0
10 12 8 1 2 16 9 13 10 6 18
0
0
10 12 8 1 2 16 9 13 10 6 18
10 12 8 1 2 16 9 13 10 6 18
0
10 12 8 1 2 16 9 13 10 6 18
0
10 12 8 1 2 16 9 13 10 6 18
10 12 8 1 2 16 9 13 10 6 18
50
1 44
0
2 10 30
2 26 24
2 11 20
0
2 14 40
2 25 4
0
0
0
2 39 42
2 36 38
0
0
0
0
2 6 27
2 21 22
2 33 19
0
2 28 35
2 48 5
2 50 32
0
0
2 16 3
0
0
2 2 37
0
2 29 43
0
0
2 15 18
0
2 17 8
2 47 23
0
2 31 41
2 46 49
2 34 1
2 45 7
0
0
0
0
0
2 9 12
0
50
2 44 36
0
2 28 17
2 41 18
2 43 11
2 32 7
2 39 31
0
0
2 24 46
2 13 40
0
0
2 21 42
0
2 37 34
2 23 35
2 29 5
2 15 6
0
0
2 30 16
0
0
0
1 45
0
0
0
0
2 38 1
0
2 2 47
2 27 4
2 48 10
2 12 22
0
0
0
2 8 50
0
2 9 19
0
0
0
2 25 33
2 49 26
0
1 26
2 20 3
48
1 3
1 12
0
1 26
0
2 1 13
1 16
0
0
2 41 19
2 2 17
0
1 3
1 38
1 16
0
1 12
2 34 4
1 35
1 21
0
2 48 28
2 32 40
1 25
0
0
0
1 5
1 25
2 29 24
1 21
1 8
2 7 15
1 26
0
2 42 43
1 9
0
1 9
1 8
1 35
1 27
1 27
2 31 20
2 46 14
1 38
2 37 39
1 5
50
1 30
1 30
1 30
1 30
1 30
1 30
1 30
1 30
1 30
1 30
1 30
1 30
1 30
1 30
1 30
1 30
1 30
1 30
1 30
1 30
1 30
1 30
1 30
1 30
1 30
1 30
1 30
1 30
1 30
0
1 30
1 30
1 30
1 30
1 30
1 30
1 30
1 30
1 30
1 30
1 30
1 30
1 30
1 30
1 30
1 30
1 30
1 30
1 30
1 30
50
1 34
1 13
1 1
1 30
1 28
1 18
1 5
1 29
1 39
1 33
1 4
1 49
1 19
1 17
1 12
1 10
1 23
1 8
1 11
1 31
1 24
1 6
1 25
1 7
1 48
1 9
1 47
1 15
1 16
1 37
1 44
1 27
1 42
1 26
1 3
1 32
1 45
1 43
1 41
1 20
1 40
1 21
1 22
1 36
1 35
1 14
0
1 50
1 46
1 2
50
1 47
1 33
1 16
1 34
1 50
1 42
1 26
1 4
1 18
2 23 40
1 48
1 44
1 40
1 12
1 29
1 8
1 11
1 14
1 5
1 15
1 32
1 43
1 25
1 2
1 7
1 45
1 39
1 21
1 41
1 35
1 36
1 38
1 27
1 6
1 20
1 37
1 46
1 31
1 49
0
1 19
1 22
1 17
1 28
1 24
1 13
1 3
1 9
1 30
1 1
50
1 46
2 34 29
2 14 39
0
0
2 1 9
1 44
2 42 28
2 48 13
0
0
1 45
0
2 8 2
0
2 40 27
2 26 33
0
0
1 41
2 12 31
0
2 49 38
0
2 20 7
2 43 6
2 19 10
1 15
1 18
0
1 24
0
2 25 16
1 32
1 47
0
2 3 17
2 11 30
2 21 23
1 36
0
1 22
2 35 50
0
0
0
0
0
1 5
1 4
50
1 29
1 29
2 43 39
1 29
1 22
1 2
2 38 24
1 29
1 29
1 4
1 29
1 8
1 29
1 29
1 29
1 29
1 16
2 13 1
1 9
1 29
2 45 31
1 29
1 47
1 20
1 44
2 49 5
2 37 10
1 29
0
1 50
2 23 18
1 29
2 12 34
2 32 15
1 11
1 29
1 28
1 36
2 46 33
2 26 7
2 40 21
2 41 3
2 27 48
1 29
2 17 35
2 25 19
1 29
2 30 6
1 14
1 29
50
1 39
2 5 33
1 12
1 31
1 43
1 1
1 13
1 16
1 8
1 25
1 35
1 22
1 26
1 15
1 44
1 18
1 29
0
1 50
1 37
1 10
1 17
1 9
1 34
1 11
1 41
1 4
1 6
1 36
1 38
1 28
1 20
1 45
1 3
1 48
1 7
1 49
1 23
1 42
1 19
1 32
1 47
1 24
1 40
1 14
1 30
1 46
1 18
1 21
1 27
50
10 48 27 42 4 21 35 14 2 11 12
10 29 3 45 46 13 22 33 18 5 39
10 7 36 19 34 23 40 50 43 10 47
10 29 3 45 46 13 22 33 18 5 39
10 7 36 19 34 23 40 50 43 10 47
10 8 1 49 17 15 20 26 16 44 37
0
10 48 27 42 4 21 35 14 2 11 12
10 8 1 49 17 15 20 26 16 44 37
0
10 29 3 45 46 13 22 33 18 5 39
10 29 3 45 46 13 22 33 18 5 39
10 7 36 19 34 23 40 50 43 10 47
10 29 3 45 46 13 22 33 18 5 39
10 48 27 42 4 21 35 14 2 11 12
10 48 27 42 4 21 35 14 2 11 12
10 48 27 42 4 21 35 14 2 11 12
10 7 36 19 34 23 40 50 43 10 47
0
10 48 27 42 4 21 35 14 2 11 12
10 29 3 45 46 13 22 33 18 5 39
10 7 36 19 34 23 40 50 43 10 47
0
10 8 1 49 17 15 20 26 16 44 37
10 8 1 49 17 15 20 26 16 44 37
10 48 27 42 4 21 35 14 2 11 12
10 29 3 45 46 13 22 33 18 5 39
10 8 1 49 17 15 20 26 16 44 37
10 7 36 19 34 23 40 50 43 10 47
10 8 1 49 17 15 20 26 16 44 37
10 8 1 49 17 15 20 26 16 44 37
10 8 1 49 17 15 20 26 16 44 37
10 7 36 19 34 23 40 50 43 10 47
0
10 29 3 45 46 13 22 33 18 5 39
0
10 48 27 42 4 21 35 14 2 11 12
10 8 1 49 17 15 20 26 16 44 37
10 7 36 19 34 23 40 50 43 10 47
0
10 8 1 49 17 15 20 26 16 44 37
10 29 3 45 46 13 22 33 18 5 39
0
10 48 27 42 4 21 35 14 2 11 12
10 7 36 19 34 23 40 50 43 10 47
10 7 36 19 34 23 40 50 43 10 47
0
10 29 3 45 46 13 22 33 18 5 39
10 48 27 42 4 21 35 14 2 11 12
0
5
0
1 5
0
2 3 5
1 1
5
0
0
3 1 4 2
1 2
0
5
1 3
2 1 4
0
1 3
0
5
2 2 4
0
1 5
0
1 2
5
0
2 1 5
0
1 5
1 1
49
1 2
1 33
0
2 39 22
0
0
1 24
3 1 11 2
0
0
4 14 10 19 39
2 7 34
0
0
1 13
2 21 27
2 40 45
0
0
2 42 24
0
1 38
0
0
3 41 16 7
0
0
2 49 19
0
4 13 2 27 29
0
0
1 32
1 10
0
0
1 7
1 7
1 13
2 1 39
0
2 14 26
0
3 48 31 46
2 14 36
2 29 33
1 35
0
1 36
41
1 40
0
2 36 17
3 5 31 22
0
1 32
1 31
0
0
1 25
0
2 22 36
0
2 36 32
0
2 38 31
1 24
2 22 38
2 36 22
0
1 22
1 36
1 36
0
2 40 7
1 7
1 36
2 30 32
2 35 27
1 37
0
0
3 6 18 24
0
2 38 2
0
1 22
0
0
1 38
2 25 14
46
0
2 29 4
0
0
1 1
0
2 11 13
3 41 1 22
0
1 34
0
1 37
0
1 1
0
1 18
2 30 3
0
1 3
3 31 30 7
0
1 21
1 26
1 41
1 14
1 37
2 3 41
3 21 35 37
1 34
0
3 45 26 13
2 7 37
0
1 45
0
3 26 22 44
1 41
1 7
0
1 41
0
0
3 23 17 34
1 10
0
1 34
50
1 32
2 40 12
1 45
0
0
1 39
2 25 49
2 7 45
3 22 38 12
3 44 14 26
0
0
1 22
0
0
0
0
2 38 39
2 28 47
0
3 23 9 11
0
0
0
1 44
0
1 1
2 10 1
0
3 1 14 27
0
0
0
1 47
2 12 27
2 18 19
0
0
1 33
1 44
1 27
0
0
3 13 23 1
2 12 13
1 29
0
2 15 26
3 9 35 25
1 15
44
2 20 5
1 19
1 15
0
1 38
3 38 1 32
1 31
0
0
0
1 25
0
0
1 36
1 42
0
1 4
1 21
1 16
1 16
1 12
1 34
0
1 22
1 36
1 22
0
4 27 26 14 39
2 3 14
0
0
1 16
0
1 20
2 38 14
1 16
1 10
0
3 15 40 3
0
5 20 12 31 13 38
1 23
1 36
1 31
41
1 5
0
1 17
1 25
1 40
1 35
0
2 2 7
2 29 17
0
1 7
1 13
1 31
3 10 34 7
4 34 37 17 24
0
1 36
1 34
1 31
1 7
1 31
0
0
1 32
0
2 4 13
3 35 6 1
1 37
1 34
1 24
1 40
0
2 10 2
1 33
1 36
0
0
1 34
0
1 2
1 10
48
1 37
4 33 38 8 30
0
0
3 17 28 11
0
1 27
0
0
1 33
1 16
0
2 30 31
2 44 37
1 6
1 12
1 18
1 12
2 25 22
1 4
2 40 8
0
1 48
1 31
1 12
1 36
1 6
1 6
5 6 4 12 21 33
1 6
0
2 8 11
1 44
0
0
1 22
0
1 48
2 44 31
1 4
1 38
0
0
1 4
0
0
2 31 48
0
44
0
1 29
0
0
0
0
0
1 39
2 1 3
0
0
0
0
0
1 26
0
2 1 7
0
1 42
0
1 14
1 42
1 11
2 14 1
0
2 29 11
2 23 39
1 1
0
0
2 12 8
0
2 1 7
0
1 38
1 1
0
0
1 36
2 3 18
0
0
1 16
1 16
48
0
1 35
0
0
0
0
2 13 8
0
2 5 41
0
2 17 15
1 36
1 12
1 46
3 22 26 46
0
0
1 10
1 39
0
2 34 26
0
1 19
1 6
1 42
1 24
0
1 19
0
0
2 35 19
1 6
2 12 8
1 26
0
0
1 5
0
0
1 2
1 5
0
0
1 10
0
0
0
0
43
1 9
0
1 13
0
0
1 40
2 1 17
0
0
0
3 40 10 35
2 41 28
0
0
0
0
0
0
1 14
0
1 15
0
3 30 7 11
0
0
0
1 24
1 4
1 10
1 41
2 26 15
0
0
1 14
1 3
0
0
2 33 42
1 40
0
1 18
0
1 35
40
0
1 19
0
1 16
1 7
1 11
0
0
0
3 26 4 34
1 15
3 8 32 31
0
1 11
0
0
0
0
0
0
3 39 40 38
0
1 39
0
0
0
1 10
0
1 13
2 12 16
1 19
0
1 36
1 38
0
2 31 34
0
0
0
1 32
41
1 9
3 7 16 21
2 31 5
4 2 21 36 3
0
1 26
0
0
0
1 6
0
1 18
1 21
2 15 26
0
0
1 26
0
0
0
1 35
3 35 28 36
0
1 9
0
0
0
0
0
0
0
2 8 21
0
0
1 9
0
1 35
0
1 21
0
0
45
0
1 30
0
3 25 32 7
2 39 1
0
0
0
1 1
0
1 36
0
0
2 8 11
0
1 13
1 9
0
1 10
3 9 16 40
0
1 31
1 12
1 37
0
0
1 1
0
0
0
5 10 11 28 6 9
1 38
1 42
0
0
0
0
0
0
1 35
0
0
0
1 30
1 13
46
1 6
2 28 12
0
0
1 1
0
0
0
0
0
1 46
1 37
2 41 35
1 9
0
0
1 28
0
1 34
1 34
1 43
2 46 43
1 46
1 26
1 35
1 25
0
0
1 43
1 34
0
0
0
0
0
1 4
0
0
0
0
2 33 21
0
0
4 11 36 26 30
2 19 10
0
40
0
2 4 26
0
1 25
2 29 4
0
0
1 36
0
0
1 3
1 33
0
2 19 26
0
1 33
0
0
1 1
0
1 18
4 30 4 36 32
1 34
4 38 4 7 17
0
0
0
0
0
0
0
0
0
0
0
0
2 26 36
1 7
1 25
0
45
1 33
0
1 25
1 3
0
0
0
0
2 36 2
2 29 7
1 17
0
2 29 44
2 12 3
1 25
0
0
0
1 12
1 7
2 42 20
0
2 32 43
1 35
0
3 38 40 22
0
0
1 8
0
2 28 42
0
0
0
1 27
0
0
0
2 38 7
0
1 7
0
0
0
0
48
1 23
0
3 14 19 23
0
0
1 4
0
0
1 38
0
1 34
1 9
0
1 27
0
0
0
0
0
0
0
1 20
0
1 9
0
2 7 24
0
0
0
0
1 12
0
3 9 44 47
2 28 40
4 48 21 20 33
0
0
1 18
1 19
0
2 44 47
1 18
0
0
2 44 32
1 41
0
1 40
48
1 26
0
1 28
0
0
0
0
2 27 28
0
0
1 33
0
2 9 17
1 6
0
0
0
1 20
0
0
2 1 23
0
2 41 26
0
1 34
3 36 10 38
0
0
0
1 5
3 20 39 9
0
0
1 4
2 16 26
1 16
1 48
0
1 15
3 30 18 4
0
1 10
0
0
1 6
0
0
0
47
0
0
2 46 34
2 21 15
0
0
1 33
0
0
0
0
0
0
0
0
0
1 4
0
0
1 5
0
0
0
0
1 15
1 2
1 6
0
0
0
0
1 25
1 24
1 40
0
0
0
0
0
0
0
0
0
2 21 2
0
0
0
43
0
0
0
1 23
0
0
0
0
2 25 17
0
0
0
1 14
1 11
0
0
0
0
0
0
2 33 15
0
0
0
1 17
0
0
0
0
2 5 27
0
0
1 6
0
1 6
1 14
0
0
0
0
0
1 11
0
43
0
0
0
0
1 27
0
0
0
0
0
0
1 13
0
1 33
1 33
0
0
0
1 30
2 10 33
1 35
1 43
0
0
0
1 15
0
1 31
0
0
1 4
1 4
0
0
0
0
0
0
0
0
0
0
1 4
48
1 38
0
0
0
1 2
1 43
0
0
0
0
0
0
1 40
0
0
2 47 35
0
0
0
1 22
0
0
0
1 19
0
1 25
0
0
1 6
0
0
0
0
0
1 14
2 3 35
1 24
0
0
0
0
1 48
0
0
0
0
1 37
0
45
1 29
1 36
1 29
0
0
0
1 21
1 13
0
1 19
0
1 17
0
1 17
0
1 45
0
0
0
0
1 1
0
1 19
1 1
0
0
0
1 8
0
0
1 12
0
0
0
0
0
0
0
1 12
0
0
0
0
0
0
42
0
1 18
0
0
1 3
0
1 26
0
0
1 12
0
0
2 31 29
0
0
0
0
2 6 39
0
1 15
0
1 18
2 25 31
0
0
0
0
0
0
0
0
0
0
1 24
0
0
0
1 25
0
0
0
0
41
0
0
0
0
0
0
0
0
0
1 30
2 18 3
0
1 4
0
0
0
0
0
0
0
0
0
0
2 20 3
0
1 8
2 14 12
0
0
1 20
0
0
0
1 39
0
0
1 23
0
1 32
0
0
