50
24
0
2 20 6
0
0
2 24 16
2 23 22
2 15 10
2 4 11
1 13
2 12 18
2 3 5
0
0
0
0
2 19 9
0
2 17 2
0
0
2 1 7
2 14 8
0
0
24
0
1 3
1 5
0
0
0
2 18 9
0
2 2 3
2 11 12
0
2 8 15
2 24 17
0
2 14 13
2 6 10
2 4 19
0
2 1 23
0
2 20 7
0
2 22 21
0
24
1 21
1 15
1 4
0
1 21
1 4
1 24
2 11 17
2 10 14
1 12
1 16
0
2 6 3
1 12
0
0
1 16
1 15
1 24
2 1 5
0
2 7 19
2 18 2
0
25
1 17
1 17
1 17
1 17
1 17
1 17
1 17
1 17
1 17
1 17
1 17
1 17
1 17
1 17
1 17
1 17
0
1 17
1 17
1 17
1 17
1 17
1 17
1 17
1 17
25
1 22
1 14
1 15
1 13
1 9
0
1 10
1 17
1 4
1 23
1 5
1 16
1 12
1 6
1 7
1 8
1 25
1 1
1 24
1 2
1 20
1 21
1 11
1 18
1 19
25
1 12
1 5
2 10 16
1 24
1 21
1 23
1 25
1 11
1 14
1 18
1 1
1 16
1 7
1 22
1 4
0
1 2
1 20
1 15
1 6
1 9
1 8
1 19
1 13
1 17
25
2 13 24
2 7 12
2 2 18
0
2 19 16
2 8 3
1 4
2 5 15
0
1 11
0
1 14
0
0
2 10 23
1 9
0
2 20 1
1 17
1 25
0
0
2 22 21
0
0
25
1 2
0
2 7 5
1 2
2 17 9
1 2
1 4
2 20 3
1 2
1 1
1 22
2 24 19
2 23 12
1 21
2 13 8
1 2
1 2
1 2
1 18
2 14 10
1 2
1 2
2 11 25
1 6
1 16
24
1 14
1 5
1 11
1 3
1 24
1 13
1 9
1 16
1 4
2 18 6
1 15
1 20
1 8
1 21
1 2
1 19
1 22
1 7
1 17
0
1 23
1 1
1 20
1 12
20
10 17 12 10 18 4 7 15 19 8 13
10 17 12 10 18 4 7 15 19 8 13
10 17 12 10 18 4 7 15 19 8 13
0
10 17 12 10 18 4 7 15 19 8 13
10 17 12 10 18 4 7 15 19 8 13
0
0
10 17 12 10 18 4 7 15 19 8 13
0
10 17 12 10 18 4 7 15 19 8 13
0
0
10 17 12 10 18 4 7 15 19 8 13
0
10 17 12 10 18 4 7 15 19 8 13
0
0
0
10 17 12 10 18 4 7 15 19 8 13
50
2 4 34
2 16 23
2 27 36
0
0
0
2 14 32
0
0
2 44 17
0
0
2 33 7
0
2 25 48
0
2 9 15
2 11 3
2 45 28
0
2 20 18
0
2 22 10
1 5
0
2 37 2
0
2 29 46
0
0
0
2 42 40
0
2 47 24
0
2 31 26
0
2 30 49
2 12 1
2 35 39
0
0
2 6 21
0
0
2 41 38
0
2 50 19
2 8 13
0
50
0
2 16 8
0
2 18 23
0
0
0
2 11 22
2 41 13
2 39 17
0
1 46
2 48 14
2 5 40
2 34 30
0
2 29 15
0
0
0
0
2 21 31
2 7 24
2 37 50
2 6 4
2 3 10
0
2 44 43
0
2 47 38
2 35 25
2 42 49
0
0
0
2 27 28
0
2 33 9
0
2 1 2
0
0
2 20 32
0
1 12
0
0
0
2 45 12
2 19 36
48
0
0
1 8
0
0
1 10
1 2
0
1 28
0
2 48 6
1 36
1 28
0
2 17 33
1 39
1 5
1 23
1 21
2 18 34
0
2 19 27
0
2 25 43
1 1
2 37 47
1 21
0
1 14
1 36
2 13 9
1 2
1 5
1 23
1 14
0
1 4
2 30 12
0
2 44 3
2 42 16
1 39
1 1
1 8
2 7 32
2 35 29
1 4
1 10
50
1 3
1 3
0
1 3
1 3
1 3
1 3
1 3
1 3
1 3
1 3
1 3
1 3
1 3
1 3
1 3
1 3
1 3
1 3
1 3
1 3
1 3
1 3
1 3
1 3
1 3
1 3
1 3
1 3
1 3
1 3
1 3
1 3
1 3
1 3
1 3
1 3
1 3
1 3
1 3
1 3
1 3
1 3
1 3
1 3
1 3
1 3
1 3
1 3
1 3
50
1 36
1 40
1 10
1 45
1 31
1 24
1 34
1 47
1 6
1 37
1 33
1 30
1 49
1 7
1 20
1 50
1 3
1 14
1 44
1 29
1 19
1 8
1 43
1 46
1 22
1 38
1 25
0
1 16
1 2
1 23
1 17
1 35
1 39
1 26
1 4
1 18
1 5
1 9
1 42
1 21
1 48
1 12
1 28
1 13
1 11
1 41
1 15
1 32
1 27
50
1 6
1 13
1 33
1 15
1 28
1 45
0
1 42
1 21
1 1
1 36
1 29
1 12
1 8
1 20
1 9
1 16
1 47
1 14
1 17
1 50
1 30
1 5
1 25
1 10
1 39
1 49
1 24
1 35
1 31
1 44
1 43
1 32
1 38
1 18
1 2
2 4 7
1 27
1 48
1 46
1 40
1 26
1 41
1 23
1 34
1 19
1 3
1 7
1 11
1 22
50
2 5 25
0
1 50
2 16 44
1 31
2 34 4
2 11 19
2 7 45
0
2 15 27
2 49 1
0
0
2 41 43
0
1 28
0
0
2 30 38
0
0
1 39
2 18 29
1 9
1 20
0
0
0
0
2 42 47
0
2 14 33
2 22 10
2 48 36
0
1 17
1 40
2 24 23
0
0
1 21
1 2
1 46
2 26 35
2 32 6
0
1 13
1 12
2 3 37
0
50
1 29
2 44 18
1 47
1 47
1 47
2 28 10
1 22
1 47
2 21 37
2 14 31
1 43
2 23 6
1 47
2 1 7
1 47
1 5
1 15
2 32 38
1 25
1 47
1 47
1 47
2 2 46
1 30
1 47
1 8
1 4
2 33 36
1 47
1 47
2 35 48
1 42
2 26 45
1 41
1 13
2 19 24
1 47
1 3
2 27 34
1 47
1 47
1 47
1 47
2 16 11
1 40
2 39 49
0
2 20 50
2 17 9
1 47
50
1 50
1 4
1 12
1 45
1 11
1 44
1 49
1 23
1 10
1 38
1 39
1 2
1 21
1 15
1 32
1 8
1 18
1 20
1 34
1 22
1 40
1 9
1 26
1 1
1 7
1 43
1 16
1 6
1 42
1 46
1 3
1 5
1 25
1 48
1 29
1 27
2 36 19
1 30
0
1 35
1 28
1 14
1 17
1 33
1 47
1 41
1 24
1 31
1 39
1 13
50
10 12 31 34 7 39 45 48 35 38 2
10 40 15 8 47 41 19 24 26 17 46
10 1 18 23 50 10 27 49 22 5 37
10 11 28 9 21 13 44 6 3 43 29
10 12 31 34 7 39 45 48 35 38 2
10 1 18 23 50 10 27 49 22 5 37
10 40 15 8 47 41 19 24 26 17 46
0
10 1 18 23 50 10 27 49 22 5 37
10 12 31 34 7 39 45 48 35 38 2
10 1 18 23 50 10 27 49 22 5 37
10 40 15 8 47 41 19 24 26 17 46
10 1 18 23 50 10 27 49 22 5 37
10 11 28 9 21 13 44 6 3 43 29
0
10 11 28 9 21 13 44 6 3 43 29
0
10 12 31 34 7 39 45 48 35 38 2
0
10 11 28 9 21 13 44 6 3 43 29
10 1 18 23 50 10 27 49 22 5 37
10 12 31 34 7 39 45 48 35 38 2
10 12 31 34 7 39 45 48 35 38 2
0
10 11 28 9 21 13 44 6 3 43 29
0
10 12 31 34 7 39 45 48 35 38 2
10 1 18 23 50 10 27 49 22 5 37
10 1 18 23 50 10 27 49 22 5 37
10 11 28 9 21 13 44 6 3 43 29
10 40 15 8 47 41 19 24 26 17 46
10 11 28 9 21 13 44 6 3 43 29
10 11 28 9 21 13 44 6 3 43 29
10 40 15 8 47 41 19 24 26 17 46
10 40 15 8 47 41 19 24 26 17 46
10 11 28 9 21 13 44 6 3 43 29
10 12 31 34 7 39 45 48 35 38 2
10 40 15 8 47 41 19 24 26 17 46
10 40 15 8 47 41 19 24 26 17 46
0
0
10 11 28 9 21 13 44 6 3 43 29
10 1 18 23 50 10 27 49 22 5 37
10 1 18 23 50 10 27 49 22 5 37
10 40 15 8 47 41 19 24 26 17 46
0
0
10 40 15 8 47 41 19 24 26 17 46
10 12 31 34 7 39 45 48 35 38 2
10 12 31 34 7 39 45 48 35 38 2
5
1 3
0
0
3 3 2 1
0
5
0
1 3
0
3 1 3 5
0
5
1 2
1 4
0
0
2 3 2
5
1 3
0
0
1 5
2 1 3
5
0
1 5
2 5 2
1 5
0
41
0
0
1 23
1 17
1 20
4 32 27 31 16
0
1 38
1 17
2 5 14
2 8 7
0
2 41 30
0
2 33 23
1 38
0
1 30
1 26
0
0
1 8
0
1 16
5 19 26 1 11 12
0
1 8
1 21
1 30
1 33
1 40
2 39 38
0
4 12 22 13 9
0
2 17 33
1 29
0
0
0
0
48
1 44
3 34 16 10
0
3 31 21 2
3 46 9 30
0
0
5 5 29 42 23 40
2 23 42
1 34
1 48
1 18
2 40 2
1 10
1 3
1 27
0
0
1 12
1 27
2 11 40
0
0
0
2 31 17
1 44
0
2 40 32
1 12
1 17
0
0
1 21
0
1 3
1 44
0
0
1 44
0
1 17
0
3 18 2 6
0
0
0
4 8 23 26 18
0
48
0
0
0
1 48
0
0
2 14 9
6 9 11 13 15 48 18
0
2 21 18
1 1
3 32 35 37
3 7 46 6
0
0
0
2 15 43
1 24
0
0
0
2 4 41
1 19
0
3 24 48 21
2 45 3
2 16 28
2 48 16
1 26
0
1 7
1 41
0
1 9
0
1 5
2 2 40
1 1
0
0
0
1 20
2 16 48
2 1 19
1 19
1 5
0
0
44
1 30
1 43
3 22 12 20
1 2
2 44 32
0
0
4 44 41 2 18
1 15
3 41 33 25
3 6 19 15
0
0
0
0
1 24
2 10 37
0
1 44
1 43
0
0
0
0
3 19 37 38
1 32
3 13 42 40
0
1 28
0
0
0
2 32 41
0
0
0
0
3 20 14 28
3 35 3 42
1 28
0
3 19 1 43
0
0
40
1 5
0
0
2 27 6
1 6
0
1 34
0
1 26
1 15
2 31 30
1 34
1 11
6 8 11 22 24 35 39
0
4 33 15 8 31
0
0
0
0
0
1 24
1 14
0
0
0
0
3 27 5 31
0
1 20
0
1 15
1 28
1 28
0
0
2 10 22
5 17 40 26 30 37
1 5
2 17 39
41
0
3 15 26 18
0
1 11
2 7 20
0
0
2 20 24
0
2 26 14
3 12 19 20
1 6
0
0
0
2 13 41
1 28
0
0
0
2 35 15
1 28
2 31 17
0
2 28 19
1 39
0
0
3 4 28 38
1 34
4 30 34 41 35
0
0
2 28 32
2 24 18
1 26
1 7
0
0
0
2 32 18
47
0
1 29
0
1 45
1 34
1 28
1 9
0
0
1 8
0
1 9
5 7 34 9 10 38
0
2 30 12
0
2 12 27
0
2 38 26
3 47 1 41
2 28 45
1 23
0
0
2 24 6
1 38
3 13 9 32
0
0
0
1 44
1 45
0
0
0
2 40 13
1 3
0
1 16
1 16
0
3 7 32 24
2 26 34
2 11 22
1 22
0
2 6 23
49
0
1 22
0
0
0
0
0
1 44
1 34
1 33
2 28 49
0
0
0
0
0
0
1 34
3 40 38 49
0
3 31 30 43
0
2 24 6
0
2 20 29
0
1 5
1 16
0
0
0
1 20
0
0
1 26
0
3 29 20 7
1 20
1 44
1 30
0
1 43
0
0
2 35 27
0
1 27
0
1 30
44
0
1 39
1 40
2 2 25
0
0
0
0
1 42
1 19
0
0
0
0
1 8
0
2 8 24
0
1 26
0
0
0
0
0
0
0
3 11 2 42
0
3 7 1 18
0
0
1 20
0
0
0
0
2 2 31
3 28 23 2
1 20
3 14 43 36
0
1 24
2 31 8
0
49
0
1 29
0
1 1
0
2 2 1
3 15 32 27
1 30
0
0
1 25
0
0
0
0
1 14
2 1 11
0
0
0
0
1 5
0
2 11 27
0
2 13 22
0
1 19
0
0
1 21
0
1 18
0
1 1
2 10 20
0
2 19 3
1 35
0
2 29 5
0
1 40
1 48
2 20 35
0
0
0
0
40
0
0
0
0
2 31 3
3 36 20 33
0
0
0
0
3 29 39 20
0
2 24 7
2 21 6
2 10 1
0
1 20
0
0
0
1 23
0
0
2 4 9
0
1 23
1 36
0
0
1 8
0
0
0
0
1 24
0
1 39
1 12
0
2 22 25
46
2 20 40
0
1 28
0
1 4
0
2 22 21
0
0
1 22
0
0
0
1 16
3 9 20 25
1 11
3 38 11 16
0
1 30
0
1 8
0
0
0
1 22
0
0
1 27
1 37
0
0
0
0
0
0
1 11
1 26
0
2 18 3
1 12
1 22
2 26 8
0
1 40
0
1 37
50
2 37 24
0
1 9
2 3 24
1 7
0
0
2 15 21
0
0
1 29
0
1 6
1 12
1 30
1 41
0
0
1 30
1 45
0
1 14
1 32
2 45 2
0
0
0
0
0
0
0
0
1 31
0
0
2 45 13
0
0
0
3 32 24 22
0
1 30
0
0
0
0
1 43
1 6
2 43 24
3 9 23 3
46
2 18 6
0
2 19 5
0
0
1 40
0
0
0
2 25 26
1 4
0
0
0
0
0
1 6
1 20
3 32 14 20
0
3 20 42 26
0
0
0
1 33
2 30 7
0
0
0
1 36
1 42
1 5
0
0
0
0
1 12
1 9
0
0
1 14
0
1 23
3 28 29 7
0
1 12
44
2 8 24
0
0
0
0
1 23
2 16 30
0
0
0
1 3
0
0
0
1 25
0
1 32
2 9 41
2 21 29
1 4
2 34 8
0
0
0
0
0
2 37 35
0
1 37
0
0
0
0
0
1 25
2 16 9
0
2 21 17
0
3 22 21 9
1 15
1 32
1 17
0
50
3 43 16 8
0
0
1 11
0
1 9
2 17 28
2 27 50
1 4
1 14
0
0
0
0
1 50
1 13
2 38 30
2 42 4
0
0
1 12
1 35
1 41
0
0
0
2 38 48
0
0
0
0
1 30
0
2 23 24
0
0
0
0
0
1 30
2 32 37
1 16
1 29
1 12
1 31
1 11
0
0
0
0
47
1 4
0
0
0
0
0
0
1 43
0
1 3
0
0
0
2 44 43
0
0
4 25 29 44 5
0
0
0
2 43 8
1 20
1 1
2 7 9
1 35
0
2 22 37
0
0
1 39
2 37 33
2 40 34
0
2 46 28
0
2 4 22
0
1 29
0
0
0
1 28
0
0
1 28
0
1 27
43
0
0
0
1 3
0
1 5
0
0
1 19
0
0
2 40 36
1 24
3 35 43 39
0
1 4
0
1 2
0
1 25
1 38
0
1 43
1 2
1 1
1 40
2 40 31
3 2 39 41
0
0
0
0
1 42
1 17
0
2 39 11
0
0
0
0
2 6 24
0
0
40
1 37
1 36
1 17
0
2 20 27
0
1 30
0
0
0
0
0
1 6
0
0
0
0
1 11
0
0
0
0
0
0
0
1 6
0
0
1 39
0
0
1 40
0
1 5
0
1 27
0
0
0
0
46
0
0
0
0
2 11 35
0
0
0
1 34
1 22
2 3 30
0
0
0
0
0
0
0
2 7 23
0
0
0
0
0
0
0
1 42
1 20
1 44
0
0
1 20
0
0
0
0
0
0
1 46
0
1 42
0
0
0
0
1 42
48
2 19 15
0
0
1 17
0
0
0
0
1 27
0
0
0
0
0
0
0
1 28
2 34 22
0
0
0
0
0
1 15
1 6
0
0
0
0
1 29
0
0
1 32
0
0
0
1 32
0
0
0
0
1 31
1 3
0
1 6
0
1 16
0
40
0
0
0
0
0
0
0
1 24
0
1 23
1 39
0
0
0
3 37 27 38
0
1 10
0
1 14
0
0
0
0
0
0
2 14 8
0
0
0
0
0
0
0
0
0
0
1 1
0
1 16
1 8
45
0
0
0
1 15
0
0
1 40
1 22
0
0
1 16
0
0
0
0
0
0
0
0
0
2 27 43
0
0
0
0
1 15
0
1 29
0
0
1 3
1 1
0
1 41
0
1 11
0
0
1 22
2 37 3
0
0
0
0
0
47
0
1 31
1 40
0
0
0
1 40
0
0
0
0
0
0
0
1 23
0
0
0
0
1 1
0
0
0
0
0
0
0
1 16
0
1 12
1 14
2 19 14
1 26
0
1 29
1 29
0
0
0
0
0
0
0
1 41
0
0
1 26
48
0
1 1
0
0
0
0
0
1 33
0
0
0
1 5
1 33
0
1 8
2 33 38
0
0
0
0
1 11
0
0
0
0
0
2 41 8
0
1 22
0
0
1 38
0
1 33
0
1 45
0
0
0
0
0
0
0
0
0
0
1 17
1 33
