50
24
0
0
2 23 13
0
2 4 24
0
0
0
2 22 3
2 19 5
0
0
1 16
2 12 21
2 8 10
0
2 7 20
2 11 15
0
2 1 9
2 6 17
0
0
2 2 14
24
0
2 6 16
2 23 4
2 24 21
0
0
0
2 10 17
2 1 22
0
2 13 19
2 18 9
1 19
0
0
2 14 3
2 7 2
0
1 20
0
2 5 11
2 15 8
0
0
24
0
1 7
2 16 20
2 2 15
1 1
1 23
0
0
0
1 9
1 23
1 22
1 1
1 9
1 7
1 8
2 10 14
2 13 5
2 11 6
1 8
1 22
0
0
2 21 12
25
1 16
1 16
1 16
1 16
1 16
1 16
1 16
1 16
1 16
1 16
1 16
1 16
1 16
1 16
1 16
0
1 16
1 16
1 16
1 16
1 16
1 16
1 16
1 16
1 16
25
1 15
1 18
1 6
1 16
1 21
1 4
1 20
1 5
1 24
1 22
1 9
1 17
1 2
1 12
1 3
1 7
1 23
1 1
1 14
1 11
1 13
1 8
0
1 19
1 10
25
1 2
1 17
1 12
1 20
1 8
1 9
1 21
1 1
1 18
1 5
1 3
1 15
1 4
1 10
1 19
1 25
1 7
1 22
0
1 16
1 13
1 11
1 6
2 14 19
1 23
25
1 20
0
0
2 13 10
0
2 14 4
0
0
1 11
2 5 22
0
2 24 21
1 7
2 1 9
0
2 15 3
1 2
1 19
0
0
2 25 16
0
2 6 12
2 18 17
1 8
25
2 10 19
2 14 3
1 21
1 18
1 18
2 8 5
1 4
1 18
2 11 6
2 2 23
1 17
1 18
1 15
1 25
1 18
1 20
1 18
0
2 22 9
1 18
1 18
2 24 16
2 7 13
1 12
1 18
24
1 13
1 20
1 22
1 17
1 23
1 5
1 2
1 12
2 7 8
1 16
1 18
1 10
0
1 3
1 1
1 24
1 15
1 4
1 14
1 21
1 19
1 6
1 13
1 11
20
10 11 19 3 5 2 12 10 7 14 20
0
0
10 11 19 3 5 2 12 10 7 14 20
0
10 11 19 3 5 2 12 10 7 14 20
0
10 11 19 3 5 2 12 10 7 14 20
10 11 19 3 5 2 12 10 7 14 20
0
0
0
10 11 19 3 5 2 12 10 7 14 20
0
10 11 19 3 5 2 12 10 7 14 20
10 11 19 3 5 2 12 10 7 14 20
10 11 19 3 5 2 12 10 7 14 20
10 11 19 3 5 2 12 10 7 14 20
0
0
50
0
2 45 26
0
0
2 31 39
0
2 27 8
2 6 40
2 11 24
0
0
0
2 36 2
2 32 25
0
2 33 38
2 3 5
0
0
2 29 44
2 12 7
0
2 22 41
2 1 47
2 50 46
2 37 23
0
0
0
2 15 20
0
0
0
2 35 14
0
0
0
2 42 48
2 10 16
2 43 30
2 19 17
0
0
2 28 9
0
2 49 13
2 4 34
1 18
0
0
50
0
2 46 47
2 49 14
0
0
0
2 9 15
2 21 33
0
2 28 37
2 30 2
2 1 42
0
2 50 10
2 44 40
0
2 19 3
0
0
1 5
0
0
0
2 13 41
0
1 20
0
0
2 6 31
0
2 18 11
2 26 20
2 36 12
0
0
0
2 4 24
2 23 43
0
2 39 8
2 16 38
2 22 17
2 34 48
0
2 25 32
0
2 35 7
2 27 45
0
0
48
2 31 3
1 22
1 12
1 42
1 46
0
2 48 40
1 9
0
1 24
1 46
0
1 45
2 28 4
2 16 26
1 20
2 33 2
1 9
2 32 13
0
1 25
0
2 10 27
0
0
1 20
1 24
1 42
1 6
0
1 12
1 45
1 22
2 29 43
0
1 35
1 25
2 11 5
2 37 21
1 30
1 35
0
1 6
2 41 36
0
0
2 8 18
1 30
50
1 19
1 19
1 19
1 19
1 19
1 19
1 19
1 19
1 19
1 19
1 19
1 19
1 19
1 19
1 19
1 19
1 19
1 19
0
1 19
1 19
1 19
1 19
1 19
1 19
1 19
1 19
1 19
1 19
1 19
1 19
1 19
1 19
1 19
1 19
1 19
1 19
1 19
1 19
1 19
1 19
1 19
1 19
1 19
1 19
1 19
1 19
1 19
1 19
1 19
50
1 4
1 16
1 36
1 43
1 40
1 9
1 30
1 49
0
1 44
1 25
1 48
1 33
1 41
1 29
1 46
1 34
1 39
1 2
1 26
1 6
1 31
1 19
1 27
1 10
1 7
1 45
1 20
1 8
1 35
1 47
1 3
1 24
1 37
1 50
1 23
1 38
1 28
1 12
1 1
1 42
1 15
1 14
1 18
1 32
1 17
1 21
1 22
1 13
1 11
50
1 4
1 33
1 26
1 20
1 50
1 27
1 19
1 41
1 28
1 9
1 47
1 6
1 34
1 43
1 22
1 1
1 40
0
1 30
1 3
1 36
1 12
1 42
1 38
1 11
1 44
1 13
1 18
1 45
1 10
1 39
1 29
1 35
1 8
1 15
1 5
1 48
1 32
1 14
1 46
1 21
1 7
1 23
1 17
1 37
1 25
1 31
1 2
2 24 18
1 16
50
1 40
2 26 19
0
0
2 15 29
0
2 17 45
2 37 21
0
0
1 9
0
0
1 10
1 47
2 25 2
2 34 27
0
2 12 31
2 43 28
2 44 3
2 11 23
1 38
2 48 14
2 33 49
1 32
2 5 8
2 39 35
1 18
0
0
0
1 50
2 22 24
2 30 41
1 13
1 4
0
1 46
0
0
0
2 36 1
0
2 20 16
0
0
1 6
1 42
0
50
1 44
1 49
1 11
1 35
1 11
2 4 1
2 5 9
2 15 3
1 11
1 11
0
1 11
1 39
2 13 32
1 11
1 11
2 24 20
2 21 33
1 50
2 31 25
2 48 2
1 11
1 11
2 38 28
1 37
1 11
2 14 34
1 29
1 11
1 12
1 22
1 26
2 30 7
2 45 8
1 11
2 19 40
1 11
1 10
1 11
1 16
2 36 6
2 41 18
2 46 42
1 11
1 23
2 17 27
1 11
1 47
1 11
1 11
50
1 23
1 21
1 29
1 42
1 18
1 39
1 19
1 50
1 43
1 14
1 48
1 7
1 4
1 37
1 2
1 26
1 47
1 24
1 8
1 32
1 30
1 35
1 28
1 3
1 45
1 46
1 44
1 5
1 17
1 40
1 33
1 1
1 9
2 13 12
1 11
1 10
1 38
1 6
1 22
1 25
1 49
1 27
1 49
1 15
1 36
1 31
1 16
1 41
0
1 20
50
10 2 7 18 40 33 19 41 24 13 28
10 34 16 35 3 50 23 46 32 37 14
10 49 39 30 4 42 38 29 15 11 9
0
10 2 7 18 40 33 19 41 24 13 28
10 25 20 27 1 26 5 43 47 44 10
10 34 16 35 3 50 23 46 32 37 14
10 25 20 27 1 26 5 43 47 44 10
0
10 2 7 18 40 33 19 41 24 13 28
0
10 25 20 27 1 26 5 43 47 44 10
10 34 16 35 3 50 23 46 32 37 14
10 49 39 30 4 42 38 29 15 11 9
0
10 49 39 30 4 42 38 29 15 11 9
10 25 20 27 1 26 5 43 47 44 10
10 34 16 35 3 50 23 46 32 37 14
10 34 16 35 3 50 23 46 32 37 14
10 2 7 18 40 33 19 41 24 13 28
10 25 20 27 1 26 5 43 47 44 10
10 25 20 27 1 26 5 43 47 44 10
10 49 39 30 4 42 38 29 15 11 9
10 34 16 35 3 50 23 46 32 37 14
10 2 7 18 40 33 19 41 24 13 28
10 2 7 18 40 33 19 41 24 13 28
10 2 7 18 40 33 19 41 24 13 28
10 34 16 35 3 50 23 46 32 37 14
0
0
10 25 20 27 1 26 5 43 47 44 10
10 49 39 30 4 42 38 29 15 11 9
10 34 16 35 3 50 23 46 32 37 14
10 49 39 30 4 42 38 29 15 11 9
10 49 39 30 4 42 38 29 15 11 9
10 25 20 27 1 26 5 43 47 44 10
10 49 39 30 4 42 38 29 15 11 9
0
0
10 34 16 35 3 50 23 46 32 37 14
10 34 16 35 3 50 23 46 32 37 14
0
10 2 7 18 40 33 19 41 24 13 28
10 2 7 18 40 33 19 41 24 13 28
10 25 20 27 1 26 5 43 47 44 10
10 49 39 30 4 42 38 29 15 11 9
10 2 7 18 40 33 19 41 24 13 28
10 25 20 27 1 26 5 43 47 44 10
0
10 49 39 30 4 42 38 29 15 11 9
5
1 2
0
1 4
0
2 2 4
5
0
1 4
1 2
0
2 4 2
5
1 4
2 4 3
0
0
1 4
5
0
2 1 5
0
2 3 1
0
5
1 3
1 3
0
2 1 2
0
42
1 21
1 1
0
2 31 40
1 22
2 2 10
3 42 24 20
1 23
5 29 23 8 35 26
0
2 2 21
0
3 42 28 21
2 12 6
0
0
1 37
2 34 33
0
2 37 2
0
0
0
1 42
0
1 29
1 35
0
0
1 39
0
2 1 33
2 20 28
2 40 31
0
1 19
1 39
0
0
0
1 8
1 35
46
1 31
1 9
2 4 30
0
0
1 8
0
1 42
0
1 33
2 1 26
0
2 26 6
0
2 33 2
0
3 37 26 28
2 22 35
0
0
2 38 41
0
0
0
0
2 16 32
1 26
3 12 46 20
1 41
0
0
0
0
4 18 12 7 46
2 33 12
0
2 20 10
1 42
1 20
3 7 43 18
1 30
0
0
1 33
1 46
3 44 26 20
41
0
0
5 25 11 31 28 40
0
1 29
1 27
1 30
0
1 24
2 23 9
0
0
1 8
1 12
2 29 32
1 11
1 23
1 32
0
3 24 41 6
4 29 2 4 35
3 31 12 38
1 12
0
0
0
0
3 36 24 1
0
1 6
2 27 34
0
0
0
2 25 29
0
1 9
1 24
1 27
1 10
0
50
3 3 11 34
0
0
0
1 17
1 17
0
1 34
1 36
1 5
0
1 34
1 26
2 38 2
0
2 34 43
0
0
1 3
0
1 16
0
1 31
2 9 32
3 43 41 10
1 36
0
0
3 26 49 19
2 49 4
1 39
1 34
0
0
0
0
1 49
0
1 3
0
2 45 49
1 34
1 17
2 43 16
0
1 4
4 30 19 44 26
2 6 18
3 33 34 8
2 23 18
46
3 43 31 16
0
2 6 16
0
2 29 45
0
1 31
0
1 20
1 12
2 1 32
3 43 32 6
2 20 18
0
2 39 12
0
3 2 39 6
0
1 20
0
4 3 9 11 36
1 8
0
1 4
0
2 44 28
1 20
0
0
2 39 5
0
1 43
1 21
1 20
1 8
1 6
1 36
1 18
1 2
1 28
1 23
1 43
0
0
1 18
0
48
0
0
2 18 5
0
0
0
1 11
0
0
1 15
0
0
2 41 31
1 24
0
5 27 29 36 10 42
2 32 19
1 27
1 41
1 1
1 8
0
1 40
0
0
4 14 4 24 5
0
0
0
0
0
1 9
1 22
2 22 37
1 29
1 12
2 11 32
4 29 40 28 39
2 1 9
1 18
0
1 47
1 40
1 3
4 41 39 12 4
1 35
0
2 18 26
46
4 33 4 25 17
2 28 44
0
0
3 11 23 13
0
0
0
0
0
1 4
2 20 18
1 37
0
3 10 41 25
0
1 41
0
0
1 41
1 23
0
1 43
2 17 22
2 7 41
2 21 17
0
1 39
2 9 3
1 44
1 8
0
1 19
0
0
3 13 45 6
0
1 11
1 23
3 28 19 23
0
2 6 44
0
0
2 10 31
2 37 22
44
1 11
0
1 22
1 37
2 41 42
1 3
0
0
0
1 23
0
0
1 41
1 39
0
1 23
0
3 14 29 38
1 21
1 7
0
0
2 34 40
1 14
0
1 38
0
2 33 10
0
1 31
0
2 2 30
0
1 7
1 44
1 23
0
0
0
0
0
0
0
2 2 37
44
0
2 34 29
0
1 22
0
0
0
2 5 35
0
0
2 20 4
1 21
0
0
0
3 7 19 33
0
0
0
0
0
0
2 39 1
1 4
2 18 22
0
2 44 10
0
1 21
0
1 22
2 23 41
2 11 14
0
0
1 44
0
1 4
0
1 36
1 13
1 18
0
0
47
1 29
3 37 42 28
0
2 29 5
0
0
0
2 44 9
0
0
1 29
0
1 15
1 10
0
0
0
2 28 7
0
1 5
0
0
4 33 17 2 38
1 46
0
1 14
3 3 45 44
0
0
0
0
0
0
0
0
2 9 43
0
1 3
0
0
0
2 17 27
1 35
0
0
2 37 29
0
40
1 29
0
3 19 1 29
0
1 38
2 23 5
0
2 32 20
1 15
1 34
0
0
1 5
0
0
1 34
0
0
0
0
0
1 7
0
3 4 11 29
0
0
2 9 10
3 26 7 35
1 18
0
1 32
0
0
0
0
0
1 20
0
0
1 12
42
0
1 42
1 20
0
1 29
1 35
0
0
0
0
1 33
0
1 10
1 34
1 39
3 23 24 3
0
3 2 32 38
0
2 31 19
1 4
0
0
1 10
0
0
0
3 7 4 34
1 42
0
0
0
1 23
0
1 3
0
0
1 17
1 12
0
1 20
1 33
42
0
2 4 17
1 38
0
0
0
1 11
1 26
0
1 13
1 10
1 14
0
1 34
2 42 31
1 7
0
1 33
0
1 10
0
0
2 28 17
0
0
1 33
0
1 4
0
0
1 5
1 23
1 39
0
1 37
0
1 33
1 1
1 5
0
3 31 23 5
0
43
0
1 25
0
1 34
0
3 38 9 30
0
1 7
1 29
1 24
0
0
1 19
1 2
1 5
2 29 7
0
0
0
4 23 17 34 19
1 33
0
1 1
0
0
0
0
1 11
0
0
0
1 42
0
0
1 17
1 15
0
2 23 27
2 21 17
0
1 11
0
0
44
1 29
0
1 42
1 18
0
0
0
1 25
0
0
0
0
0
0
0
0
4 12 31 11 35
0
1 40
1 23
0
1 5
1 34
1 37
0
1 12
0
0
0
1 9
0
0
2 18 36
0
1 7
3 32 25 5
0
1 34
1 42
0
0
1 37
1 37
4 32 38 14 34
42
2 9 8
1 36
1 31
2 40 36
0
1 24
1 35
0
1 38
1 2
0
0
0
0
0
1 36
2 40 21
1 20
0
0
0
3 42 16 40
0
0
0
1 32
0
0
1 15
1 36
0
2 29 19
1 23
2 42 7
1 8
0
1 12
0
0
0
1 13
0
40
0
0
0
0
2 17 7
0
0
1 15
3 30 13 1
0
0
0
0
0
0
2 30 33
1 37
1 1
0
0
1 37
0
0
2 21 31
1 37
1 15
1 14
0
2 36 2
1 19
1 10
1 9
1 10
2 15 7
0
0
0
0
1 8
1 1
41
0
0
1 29
2 36 29
0
0
2 29 20
0
1 39
0
2 34 32
1 26
0
2 4 33
0
0
2 8 10
0
0
1 12
1 23
1 20
1 16
1 8
0
1 27
0
0
1 16
2 3 33
0
0
0
0
1 39
1 19
0
1 19
1 26
1 34
0
42
1 40
0
1 20
0
1 10
0
0
0
0
0
0
0
0
1 12
0
0
0
0
0
0
1 31
1 19
1 36
1 25
0
0
0
1 29
0
0
0
0
2 15 2
0
0
0
1 12
0
0
1 33
0
1 33
44
0
0
1 7
0
0
0
0
0
0
0
0
0
1 10
0
0
1 3
0
0
0
0
0
0
0
0
1 41
1 42
0
0
0
0
0
1 3
0
0
1 30
0
1 28
0
1 33
2 22 41
2 19 22
0
0
1 42
49
1 4
0
0
0
0
0
0
0
0
0
0
0
0
1 6
1 33
0
2 33 45
0
0
0
3 46 6 40
0
1 48
0
0
1 25
0
0
1 42
0
0
1 4
0
1 7
0
0
0
0
1 21
0
0
1 4
0
0
1 23
0
0
0
0
49
0
0
0
0
1 33
1 5
1 14
0
0
0
0
1 49
0
0
0
0
0
0
0
1 37
0
1 41
0
0
1 10
0
0
0
0
0
3 40 46 28
0
0
0
0
1 4
0
0
0
0
0
0
0
1 39
1 44
0
0
0
3 45 47 37
47
0
0
1 41
0
1 36
0
2 1 42
1 42
2 41 43
1 12
0
0
0
0
1 21
0
0
1 2
0
0
0
0
1 34
0
0
0
0
0
0
0
0
0
0
1 31
0
0
0
2 41 3
0
0
1 42
0
0
0
0
0
0
50
0
0
1 36
0
0
0
0
0
1 13
0
0
0
1 50
0
0
1 14
0
0
0
0
0
0
0
1 15
0
1 41
1 44
0
1 48
0
0
0
2 23 6
0
1 13
0
0
0
0
0
0
0
2 21 30
1 48
1 1
0
0
0
1 50
0
45
1 36
0
0
0
0
0
0
3 27 36 3
0
3 39 25 36
0
0
0
2 23 43
0
0
0
0
0
1 23
0
0
0
0
0
2 1 43
0
0
0
0
1 45
0
1 23
0
0
0
0
0
0
0
1 23
0
0
0
0
