50
24
0
0
2 24 22
2 9 10
2 2 20
0
0
0
0
2 1 3
2 6 21
2 19 14
0
2 18 11
2 13 12
0
2 23 4
0
0
2 7 15
2 8 17
1 16
0
0
24
2 24 7
2 18 13
2 23 9
0
2 16 12
0
2 17 19
2 10 5
1 6
0
0
2 20 2
2 11 14
2 15 21
0
0
0
0
2 22 3
0
2 4 1
0
1 9
0
24
1 16
1 7
0
1 7
1 14
2 10 15
0
2 1 12
0
1 13
2 20 17
1 16
0
0
1 13
0
1 9
1 14
2 2 4
1 9
2 18 5
1 3
2 22 24
1 3
25
1 5
1 5
1 5
1 5
0
1 5
1 5
1 5
1 5
1 5
1 5
1 5
1 5
1 5
1 5
1 5
1 5
1 5
1 5
1 5
1 5
1 5
1 5
1 5
1 5
25
1 10
1 24
1 9
1 21
1 19
1 22
1 2
1 1
1 16
1 23
1 12
1 7
1 18
1 3
1 8
1 17
1 4
1 20
1 11
0
1 13
1 14
1 25
1 15
1 6
25
1 2
1 17
1 5
1 18
1 10
1 24
1 1
1 7
1 16
1 20
1 4
1 6
1 19
1 23
1 13
1 14
1 3
1 8
1 22
1 12
2 25 22
0
1 15
1 9
1 11
25
2 3 17
2 14 22
0
1 25
0
0
2 21 8
2 11 2
1 12
2 9 4
2 24 18
0
0
1 19
1 6
0
0
1 5
0
2 15 1
2 10 20
2 23 13
0
1 16
0
25
1 6
1 17
1 17
2 9 18
2 10 21
1 17
1 17
1 17
1 3
1 14
1 17
2 1 19
2 25 5
1 17
1 17
2 12 4
0
1 15
1 11
1 17
2 8 2
2 16 13
1 7
1 20
2 24 23
24
1 4
1 6
1 8
1 20
1 18
1 11
1 9
1 19
1 23
1 2
1 5
1 13
1 23
1 24
1 7
1 15
1 16
1 17
1 12
1 21
1 14
2 10 1
0
1 3
20
0
0
10 17 2 6 13 1 8 9 10 20 4
0
10 17 2 6 13 1 8 9 10 20 4
0
10 17 2 6 13 1 8 9 10 20 4
0
0
0
10 17 2 6 13 1 8 9 10 20 4
10 17 2 6 13 1 8 9 10 20 4
0
10 17 2 6 13 1 8 9 10 20 4
10 17 2 6 13 1 8 9 10 20 4
10 17 2 6 13 1 8 9 10 20 4
0
10 17 2 6 13 1 8 9 10 20 4
10 17 2 6 13 1 8 9 10 20 4
0
50
0
2 24 44
2 29 21
0
2 42 14
2 47 38
1 4
0
2 50 3
2 23 11
2 17 5
2 13 6
0
2 43 48
2 37 34
0
0
2 35 12
2 31 15
0
2 27 36
2 20 10
0
0
2 46 39
2 8 41
0
0
0
0
0
0
2 40 18
2 49 22
0
2 1 33
0
2 28 26
2 16 2
0
2 45 25
0
0
2 30 7
0
0
0
2 32 9
0
0
50
2 17 19
0
2 15 42
2 48 11
0
0
2 13 43
0
2 32 39
2 6 28
2 38 24
2 23 1
0
2 45 40
0
2 18 4
0
0
2 22 27
1 36
0
0
0
2 50 9
0
0
2 31 37
2 41 44
0
2 35 46
0
0
0
0
0
1 33
2 2 10
0
2 29 30
2 5 3
0
2 25 7
2 8 12
2 20 36
0
2 34 49
2 21 16
0
2 26 14
0
48
2 12 9
0
1 8
1 47
0
1 2
0
0
1 28
2 22 39
0
1 28
1 44
2 45 21
2 6 31
2 36 35
1 11
1 41
2 30 27
1 8
1 43
1 25
2 46 18
0
0
1 44
1 24
0
1 7
1 24
1 2
1 7
2 32 29
2 3 20
1 5
1 5
2 17 48
2 13 26
1 25
2 42 4
0
1 47
0
0
1 43
1 41
0
1 11
50
1 23
1 23
1 23
1 23
1 23
1 23
1 23
1 23
1 23
1 23
1 23
1 23
1 23
1 23
1 23
1 23
1 23
1 23
1 23
1 23
1 23
1 23
0
1 23
1 23
1 23
1 23
1 23
1 23
1 23
1 23
1 23
1 23
1 23
1 23
1 23
1 23
1 23
1 23
1 23
1 23
1 23
1 23
1 23
1 23
1 23
1 23
1 23
1 23
1 23
50
1 2
1 44
1 10
1 37
1 9
1 26
1 42
1 43
1 31
1 47
1 50
1 49
1 19
1 32
1 11
1 38
1 34
1 41
1 39
1 36
1 18
1 14
1 20
1 33
1 1
1 45
1 29
1 21
0
1 48
1 13
1 27
1 6
1 22
1 25
1 8
1 46
1 30
1 12
1 4
1 17
1 28
1 35
1 40
1 3
1 5
1 16
1 15
1 7
1 23
50
1 7
1 43
1 14
1 21
1 30
1 16
1 20
1 44
1 46
1 22
1 25
1 24
1 10
1 37
1 4
1 32
1 18
0
2 28 18
1 11
1 3
1 12
1 5
1 45
1 6
1 15
1 33
1 35
1 9
1 36
1 2
1 48
1 47
1 42
1 26
1 49
1 13
1 23
1 50
1 39
1 31
1 29
1 40
1 1
1 27
1 38
1 8
1 34
1 41
1 17
50
2 40 31
1 6
2 33 45
0
0
0
0
2 29 43
2 25 10
2 4 47
1 27
0
1 18
0
2 42 9
2 49 19
1 36
0
2 17 8
1 28
1 39
2 35 34
1 24
0
1 5
2 22 41
0
0
0
1 37
2 50 15
1 46
1 7
1 12
1 14
0
0
0
0
2 26 16
2 32 20
2 11 13
0
0
2 44 38
0
0
2 2 30
2 21 23
2 48 3
50
1 3
1 3
0
1 1
1 26
2 24 17
2 22 10
2 7 19
2 5 21
1 12
1 50
1 3
1 3
1 37
2 4 45
1 34
2 8 43
1 3
2 30 31
2 15 27
1 42
1 13
1 25
2 20 32
1 3
1 3
2 14 44
2 16 49
1 3
1 38
1 41
2 9 28
1 3
1 3
2 11 48
1 3
1 3
1 3
1 29
1 3
1 3
1 3
2 46 35
1 33
1 2
2 23 39
1 3
2 36 40
2 18 47
1 3
50
1 19
1 6
1 35
1 48
1 11
1 5
1 36
1 17
1 49
1 3
1 43
1 21
1 9
1 12
1 30
1 23
1 32
2 31 28
1 8
1 1
1 2
1 29
1 40
1 42
1 24
1 25
1 33
1 41
1 37
1 14
1 38
1 50
1 45
1 10
0
1 20
1 39
1 27
1 47
1 7
1 4
1 22
1 35
1 26
1 13
1 34
1 15
1 44
1 16
1 46
50
10 13 31 29 20 49 24 32 23 45 40
0
0
0
10 34 17 12 47 11 39 42 7 33 22
0
10 1 48 37 18 16 46 15 50 41 10
0
0
10 13 31 29 20 49 24 32 23 45 40
10 1 48 37 18 16 46 15 50 41 10
10 1 48 37 18 16 46 15 50 41 10
10 9 19 8 30 2 28 3 4 14 6
0
10 13 31 29 20 49 24 32 23 45 40
10 13 31 29 20 49 24 32 23 45 40
10 1 48 37 18 16 46 15 50 41 10
10 13 31 29 20 49 24 32 23 45 40
0
10 9 19 8 30 2 28 3 4 14 6
10 34 17 12 47 11 39 42 7 33 22
10 1 48 37 18 16 46 15 50 41 10
10 9 19 8 30 2 28 3 4 14 6
10 9 19 8 30 2 28 3 4 14 6
10 34 17 12 47 11 39 42 7 33 22
10 34 17 12 47 11 39 42 7 33 22
10 34 17 12 47 11 39 42 7 33 22
0
10 9 19 8 30 2 28 3 4 14 6
0
10 9 19 8 30 2 28 3 4 14 6
10 9 19 8 30 2 28 3 4 14 6
10 1 48 37 18 16 46 15 50 41 10
10 1 48 37 18 16 46 15 50 41 10
10 34 17 12 47 11 39 42 7 33 22
10 34 17 12 47 11 39 42 7 33 22
10 13 31 29 20 49 24 32 23 45 40
10 34 17 12 47 11 39 42 7 33 22
10 1 48 37 18 16 46 15 50 41 10
10 9 19 8 30 2 28 3 4 14 6
10 13 31 29 20 49 24 32 23 45 40
10 1 48 37 18 16 46 15 50 41 10
10 34 17 12 47 11 39 42 7 33 22
10 34 17 12 47 11 39 42 7 33 22
10 9 19 8 30 2 28 3 4 14 6
10 13 31 29 20 49 24 32 23 45 40
10 1 48 37 18 16 46 15 50 41 10
10 13 31 29 20 49 24 32 23 45 40
10 9 19 8 30 2 28 3 4 14 6
10 13 31 29 20 49 24 32 23 45 40
5
0
2 1 4
1 1
1 1
0
5
1 2
0
1 1
2 2 1
0
5
1 2
0
0
1 1
2 1 4
5
1 2
0
2 4 5
1 5
0
5
1 4
1 4
1 4
0
1 4
49
2 6 25
0
2 26 13
1 1
0
0
1 31
2 2 9
0
0
2 41 9
1 26
2 6 42
1 45
2 31 5
1 5
2 10 42
3 26 12 27
2 42 49
1 49
0
0
1 28
0
0
0
3 23 45 4
0
1 49
4 16 27 47 12
0
1 1
1 43
1 23
1 47
2 1 22
0
2 15 7
3 1 40 28
0
0
0
0
1 37
0
0
1 43
2 45 46
0
46
1 24
2 42 30
0
0
3 1 27 18
0
3 18 27 9
3 44 13 43
3 35 18 45
1 18
1 10
0
3 33 45 14
0
0
2 9 25
0
0
1 33
0
4 29 24 40 22
1 30
1 4
0
2 18 12
0
0
0
1 26
0
1 32
1 1
0
1 43
0
3 27 9 6
2 13 40
1 29
2 46 32
0
1 33
0
1 6
1 7
0
0
44
0
0
2 27 15
3 7 32 13
1 24
1 15
0
3 18 30 27
1 39
1 23
2 39 32
0
0
0
0
0
2 32 14
0
2 24 39
2 38 35
1 24
0
3 5 43 38
1 2
2 32 13
1 16
1 2
1 15
1 16
0
2 17 40
0
0
0
2 34 5
3 34 28 29
2 26 7
1 17
0
0
0
1 7
1 13
1 25
41
1 36
0
2 15 6
2 34 1
1 19
0
2 2 29
0
0
1 21
2 19 25
1 31
3 25 8 21
0
0
2 39 40
1 39
1 41
0
3 14 30 3
0
1 11
2 10 19
0
0
1 8
3 37 29 17
1 24
1 25
2 36 25
0
1 14
1 31
1 22
1 15
0
0
0
1 21
2 39 11
1 31
42
1 28
0
0
3 9 16 28
0
0
2 5 30
1 14
0
2 37 34
0
2 11 42
0
0
2 14 9
0
0
0
2 15 22
2 28 17
1 5
2 5 20
0
1 23
1 33
2 14 25
1 5
0
0
2 19 20
3 21 13 4
0
0
1 40
3 24 11 21
4 4 30 39 10
2 32 16
2 28 17
0
0
0
0
43
3 11 14 35
3 1 18 11
2 22 31
0
0
0
0
0
1 33
1 5
1 10
1 10
2 25 28
0
3 16 2 14
1 23
2 1 31
0
4 1 4 35 16
0
2 25 14
0
2 2 31
0
1 42
1 6
1 36
0
3 28 33 10
0
0
3 27 43 42
0
0
0
0
0
1 33
2 22 29
2 18 12
0
0
1 18
50
1 19
1 26
2 17 21
1 32
0
0
3 2 48 25
1 19
3 6 1 48
3 42 32 27
1 33
0
1 40
3 6 24 26
0
1 34
0
0
1 25
1 25
0
0
0
0
0
0
1 29
1 21
0
4 44 35 10 26
4 42 27 41 7
0
0
1 18
1 47
1 18
1 3
4 14 33 27 44
1 27
0
2 29 15
1 24
1 4
1 40
1 35
0
0
0
2 42 46
0
40
0
0
2 21 40
0
2 32 11
0
0
3 39 3 25
2 25 33
2 39 1
0
0
2 26 24
0
2 11 39
2 34 6
0
2 37 28
0
1 32
0
0
0
0
0
0
0
0
1 22
0
0
0
2 36 37
1 36
0
0
0
2 18 9
0
0
43
0
1 23
1 40
2 23 28
0
0
0
1 28
1 17
0
1 5
0
2 6 20
0
0
2 1 21
1 14
0
0
2 23 25
0
0
0
1 20
0
2 33 9
1 17
0
0
0
1 33
0
0
2 14 22
1 22
2 32 23
0
1 15
0
0
3 8 16 39
0
0
46
0
3 39 33 15
0
0
0
0
3 21 6 38
0
2 19 31
0
3 17 42 9
0
0
0
0
1 1
2 24 41
0
0
1 10
1 27
0
0
1 4
1 27
1 10
0
0
2 41 39
1 20
0
3 22 28 1
0
1 44
0
1 21
0
0
0
0
0
0
1 19
0
1 46
1 10
42
1 10
0
1 35
1 24
2 39 15
1 7
0
0
0
0
1 34
0
0
0
0
2 20 4
0
1 9
0
2 24 34
1 14
0
2 17 10
0
0
1 40
0
1 13
1 20
0
1 4
0
1 7
1 10
1 24
1 2
0
0
2 1 2
2 4 38
1 3
0
45
0
1 25
0
0
1 24
0
1 15
1 38
0
1 36
0
1 36
1 44
1 44
0
2 15 14
1 37
0
0
1 37
1 15
0
0
0
1 3
2 29 24
2 38 25
0
0
0
1 2
1 38
0
1 3
1 34
1 45
0
0
0
0
2 7 28
1 10
2 32 29
0
2 15 37
45
0
0
2 21 37
0
1 28
1 21
0
1 44
1 15
3 43 6 21
0
0
1 43
1 15
1 21
0
1 29
0
1 5
0
0
2 42 12
2 1 42
0
0
2 9 34
1 44
1 13
0
0
3 40 30 17
1 33
0
0
1 12
0
1 45
0
0
0
1 12
1 30
0
0
0
50
1 43
1 39
1 35
1 33
1 8
0
0
0
3 48 19 37
0
2 41 8
1 17
0
0
0
1 26
1 50
2 12 30
1 7
3 14 50 43
0
0
0
1 43
1 12
0
1 43
0
3 21 50 32
0
0
1 43
0
2 15 41
0
1 22
0
0
0
1 23
0
1 14
0
0
1 9
0
0
0
1 14
0
48
1 40
1 3
1 27
1 25
0
0
0
0
2 27 36
0
0
1 28
0
2 34 44
1 34
2 32 5
0
0
0
3 48 30 42
1 3
0
2 42 25
0
0
0
0
0
0
1 48
2 27 25
0
1 23
1 28
0
1 18
0
3 16 11 19
1 28
2 34 8
1 25
0
1 28
0
0
0
0
0
46
0
3 17 7 38
2 10 25
0
1 36
0
1 14
0
3 34 18 3
0
0
1 13
0
1 45
0
1 3
1 20
1 22
0
1 32
0
0
0
0
1 24
0
1 32
0
1 25
0
0
0
0
2 22 8
0
1 21
1 20
0
3 19 6 45
1 23
0
0
1 13
1 8
1 13
0
47
0
0
1 8
0
1 9
1 3
0
0
1 16
1 3
1 31
0
0
2 3 7
3 12 20 27
0
2 46 25
0
0
0
0
0
1 20
2 34 30
1 6
1 47
0
1 3
1 34
0
0
1 20
0
0
3 44 9 3
1 20
0
2 39 7
1 34
0
0
1 19
0
0
1 29
0
1 8
41
0
0
0
2 5 33
2 18 25
0
0
0
1 22
0
0
1 33
0
0
1 30
1 21
1 26
1 24
4 9 5 22 32
1 9
0
2 33 32
0
0
0
0
0
2 33 5
0
0
1 27
0
0
2 36 39
1 6
2 41 16
0
0
1 13
1 30
0
44
2 34 11
0
0
1 32
1 3
0
0
0
0
0
0
1 15
0
0
0
1 7
0
0
0
0
0
1 12
0
1 3
1 30
1 23
0
1 23
1 38
0
0
0
2 20 35
0
0
0
0
0
0
0
0
0
0
0
50
0
0
1 11
0
0
0
0
0
1 8
1 26
0
0
0
1 17
0
0
0
0
0
0
0
0
1 17
0
0
0
0
0
0
0
0
0
0
0
1 47
2 6 45
2 23 43
0
0
0
4 6 28 34 21
1 1
0
1 48
0
0
0
0
0
0
41
0
1 7
0
0
0
0
1 36
0
0
0
0
0
0
0
0
2 4 19
1 4
0
0
0
0
0
1 13
0
0
1 36
0
0
1 33
0
0
0
0
1 36
0
0
1 31
0
0
0
3 24 16 18
40
0
0
1 18
0
1 1
0
0
1 23
0
0
0
0
0
1 27
0
0
3 31 12 30
0
0
0
0
1 16
0
0
0
0
0
0
0
0
0
0
3 1 32 30
0
1 25
0
0
0
1 34
0
42
0
3 4 17 41
0
2 38 41
0
0
1 40
1 11
0
0
0
0
0
0
1 41
0
0
0
1 41
0
0
0
1 10
0
0
0
0
1 20
0
0
0
0
0
0
1 12
0
0
0
2 11 27
0
0
0
40
0
1 3
1 13
0
1 8
0
1 10
0
0
0
1 9
0
1 38
0
0
0
0
0
0
0
0
0
0
0
0
2 23 10
1 8
1 36
0
1 12
1 1
0
0
0
0
0
0
0
0
1 37
43
0
1 11
0
0
0
0
0
0
0
0
0
0
0
1 3
0
1 5
0
0
1 25
0
1 8
1 12
1 21
1 6
0
0
0
0
0
0
0
1 18
0
2 10 18
0
0
0
0
0
0
2 40 25
1 8
0
